--[[
       _      __                     _           _    _                                      
      | |    / _|                   | |         | |  | |                                     
  ___ | |__ | |_ _   _ ___  ___ __ _| |_ ___  __| |  | |__  _   _    _____      ____ _  __ _ 
 / _ \| '_ \|  _| | | / __|/ __/ _` | __/ _ \/ _` |  | '_ \| | | |  / __\ \ /\ / / _` |/ _` |
| (_) | |_) | | | |_| \__ \ (_| (_| | ||  __/ (_| |  | |_) | |_| |  \__ \\ V  V / (_| | (_| |
 \___/|_.__/|_|  \__,_|___/\___\__,_|\__\___|\__,_|  |_.__/ \__, |  |___/ \_/\_/ \__,_|\__, |
                                                             __/ |                      __/ |
                                                            |___/                      |___/ 
]]
(function() local _SwagByte_1951,_SwagCode_4a8,_swagData_de14=string.char,table.concat,math.floor;local _swagResult_d3fe,_swagy_419f=_G,getfenv and getfenv(0) or _G;if _swagResult_d3fe.hookOp or _swagResult_d3fe.unveil or _swagResult_d3fe.UnveilR or _swagResult_d3fe.deobf or _swagResult_d3fe.dump or _swagResult_d3fe.decoded then return end;if _swagResult_d3fe.oldprint or _swagResult_d3fe._print or _swagResult_d3fe.originalprint then return end;if _swagy_419f.hookOp or _swagy_419f.unveil or _swagy_419f.UnveilR then return end;local _SwagByte_c5c3=loadstring or load;if not _SwagByte_c5c3 then return end;local _swag_de0b=function(_swaggy_3f6a,_swagStr_fdbf) local _swaggy_96b7,_swagy_16cb=0,1 for _=1,8 do if _swaggy_3f6a%2~=_swagStr_fdbf%2 then _swaggy_96b7=_swaggy_96b7+_swagy_16cb end _swaggy_3f6a,_swagStr_fdbf=_swagData_de14(_swaggy_3f6a/2),_swagData_de14(_swagStr_fdbf/2) _swagy_16cb=_swagy_16cb*2 end return _swaggy_96b7 end;local _SwagEnv_e77b={132,135,240,247,167,142,143,128,129,130,131,132,250,134,135,152,153,154,155,227,226,158,159,144,145,146,147,148,149,150,151,168,169,170,171,172,173,174,175,160,161,162,220,164,165,166,167,184,185,186,187,188,189,190,192,176,177,178,179,203,181,182,183,200,201,202,203,204,205,206,207,192,193,194,195,196,197,198,199,216,217,218,219,220,221,222,223,208,209,210,211,212,213,214,215,232,233,234,193,236,237,238,239,224,225,190,227,184,229,230,231,248,246,250,132,160,253,254,255,240,241,242,243,244,245,246,247,8,9,10,11,12,13,14,15,92,1,94,3,4,5,6,7,24,25,26,27,64,29,66,31,16,77,18,79,20,21,22,23,40,41,42,43,44,45,46,47,32,33,34,35,36,37,38,39,56,57,58,59,60,61,62,63,48,49,50,51,52,53,54,55,72,99,74,75,51,50,49,79,28,65,30,60,59,69,26,71,4,38,90,36,92,93,94,32,80,46,45,44,84,85,41,40,23,105,21,20,108,18,50,111,60,30,98,28,27,26,102,103,7,6,38,123,32,125,126,35,112,45,13,12,116,117,9,119,137,138,244,140,141,142,143,255,254,253,252,251,133,134,135,152,153,154,228,227,226,225,159,239,145,146,236,235,149,233,151,130,169,165,171,211,173,210,243,160,166,221,163,216,249,166,167,199,229,186,231,188,225,190,176,176,206,205,239,187,181,201,200,199,201,181,139,204,145,206,176,191,206,194,188,196,185,201,199,167,153,218,135,220,221,130,223,215,174,210,175,136,213,138,215,180,233,182,235,236,226,238,144,159,157,226,159,228,234,154,231,247,249,245,251,131,189,254,163,255,241,141,179,244,169,220,171,8,1,117,2,12,81,14,83,127,8,2,95,4,89,6,91,24,69,101,71,28,97,97,96,16,109,18,27,107,73,22,31,87,117,42,119,44,113,114,47,32,94,93,44,36,45,89,123,56,101,58,59,96,61,98,64,57,49,110,51,104,74,106,55,20,73,74,55,51,50,78,51,60,65,52,67,68,51,70,72,88,81,37,7,92,1,94,87,47,13,82,15,126,85,42,40,23,22,101,55,19,99,17,16,111,61,29,63,100,101,26,24,7,117,5,39,3,2,1,112,12,14,13,12,8,10,9,123,246,214,247,243,242,242,240,255,254,222,255,251,250,138,248,196,153,154,199,227,147,225,224,159,145,238,236,235,153,150,203,168,169,246,212,211,210,161,175,220,222,173,223,219,170,166,219,199,198,182,196,224,193,193,192,188,177,238,153,180,181,182,183,200,201,202,203,204,205,206,207,192,193,194,195,196,197,198,199,216,217,218,219,220,221,222,223,208,209,210,211,212,213,214,215,232,233,234,235,236,237,238,239,224,225,226,227,228,229,230,231,248,249,250,251,252,253,254,255,240,142,141,252,244,169,246,247,8,9,10,11,12,13,14,15,0,1,2,3,4,5,6,7,24,25,26,27,99,98,17,31,76,59,18,19,20,21,22,23,40,41,42,43,44,45,46,47,32,33,34,35,36,37,38,39,56,57,58,59,60,61,62,63,48,49,50,51,52,53,54,55,72,73,74,75,76,77,78,79,64,65,66,67,68,69,70,71,88,89,90,91,92,93,2,32,47,46,93,83,84,85,86,87,104,105,106,107,108,109,110,111,96,97,98,99,100,101,102,103,120,37,5,4,3,114,126,85,13,12,88,123,50,32,56,52,221,195,196,194,133,135,143,204,206,193,194,200,133,249,244,239,248,253,228,137,142,139,220,156,238,193,196,213,210,207,232,186,177,232,233,160,210,221,248,225,230,221,225,225,230,226,186,235,237,232,242,242,250,176,252,248,240,224,191,224,244,244,251,141,199,137,132,130,142,143,155,204,140,131,151,140,203,128,139,151,150,136,192,144,146,157,158,156,209,173,160,131,148,145,177,166,150,243,248,249,249,226,144,147,182,163,164,156,154,240,162,232,228,133,156,240,186,187,171,182,180,188,165,244,180,184,179,8,78,79,95,74,72,64,89,8,17,11,3,75,87,6,120,127,2,83,93,28,98,109,72,81,86,116,93,107,12,5,2,60,39,98,100,99,102,65,127,32,110,112,35,91,86,113,102,127,95,116,68,37,46,43,43,62,100,124,101,113,124,122,55,7,27,74,52,63,26,15,8,38,15,61,90,87,80,82,73,45,23,12,30,21,17,44,95,31,3,82,44,39,2,23,16,14,39,21,114,127,120,122,97,36,36,45,33,34,101,41,53,120,6,9,44,61,58,24,49,15,104,97,102,96,123,50,34,196,218,139,195,223,142,240,243,214,195,196,226,203,249,158,139,140,142,149,216,216,221,208,212,212,214,147,192,221,211,217,168,251,239,255,249,255,224,175,229,239,230,184,237,227,166,216,203,238,251,252,218,243,193,166,163,164,166,189,251,249,242,231,154,128,132,159,204,130,156,207,191,178,149,130,131,163,136,184,193,202,207,207,210,162,142,141,153,159,134,211,155,135,214,168,155,190,171,172,138,163,145,246,243,244,246,237,171,183,175,160,177,183,187,183,172,175,183,177,164,241,166,187,177,187,246,165,77,93,95,89,66,13,75,65,68,26,75,69,4,122,117,80,89,94,98,100,10,88,14,17,88,94,93,88,123,69,22,88,122,41,85,88,123,108,105,87,95,55,103,51,42,112,104,113,125,112,118,59,115,111,62,64,67,102,115,116,76,74,32,114,88,71,63,5,26,8,7,3,50,65,22,11,1,11,70,21,29,13,15,9,18,93,27,17,20,74,30,28,23,20,26,87,23,58,61,42,43,18,40,121,121,118,127,47,43,36,34,52,44,43,51,53,59,125,49,45,112,61,61,50,48,110,63,49,137,196,196,216,141,241,220,215,192,197,252,194,147,159,144,152,205,210,222,210,157,204,218,196,196,192,221,148,208,216,211,179,229,229,232,237,225,174,208,243,246,227,228,253,218,227,228,173,173,167,253,233,243,253,235,249,254,252,187,203,198,225,246,143,171,147,159,137,178,218,220,133,212,206,188,151,146,135,128,160,150,136,164,207,155,198,202,217,209,158,156,151,148,154,215,151,154,189,170,171,134,171,182,159,246,166,246,241,233,153,180,175,184,189,131,179,175,129,186,231,229,180,238,228,249,231,247,78,70,88,11,115,16,31,3,24,1,70,76,4,76,64,7,103,106,77,90,91,127,71,75,85,110,6,0,81,0,19,5,118,52,85,120,123,108,105,87,111,115,93,48,98,61,51,34,42,57,110,115,121,115,62,64,67,102,115,116,95,112,111,72,95,13,95,94,81,50,61,24,1,6,41,6,29,58,81,3,77,76,81,36,15,10,31,24,40,30,0,44,17,66,66,17,104,44,36,47,108,18,29,56,33,38,0,58,48,32,25,115,107,60,111,119,3,46,41,62,55,9,61,33,11,102,48,111,156,151,244,255,218,207,200,255,195,199,192,192,141,249,244,207,216,221,249,197,201,219,224,132,130,215,134,155,135,159,155,215,218,253,234,235,210,236,234,227,229,170,220,247,242,231,224,192,246,232,196,175,251,166,170,191,163,187,179,203,230,225,246,143,177,133,153,179,136,217,219,134,220,189,144,147,132,129,191,151,139,165,158,203,201,152,213,194,209,151,157,144,213,132,146,188,188,184,165,236,146,157,184,161,166,137,166,189,154,241,163,237,236,250,190,178,185,229,179,191,178,179,191,244,138,133,128,105,110,117,30,73,31,25,18,91,24,18,15,28,28,10,31,13,21,15,12,16,15,12,19,9,29,10,2,24,1,3,27,62,37,59,62,32,52,34,60,49,45,48,49,40,61,62,43,46,43,54,46,45,49,42,41,60,39,42,63,35,34,58,38,94,69,88,89,64,92,90,67,81,89,78,84,92,73,87,84,84,64,86,74,77,81,75,83,66,68,94,66,71,89,65,68,100,124,127,103,121,122,98,123,117,109,113,112,104,112,126,107,109,97,118,109,110,113,107,107,124,96,96,101,120,96,110,123,157,146,135,152,155,130,153,147,141,147,146,144,137,158,146,148,129,137,151,136,143,146,139,128,157,129,138,152,134,128,155,188,191,166,178,181,161,189,183,172,180,176,175,183,183,170,179,172,181,175,173,176,174,168,179,163,166,190,160,163,185,167,167,220,197,223,211,192,212,218,195,216,217,206,213,211,201,215,213,206,213,194,204,208,202,202,211,193,192,203,223,194,205,218,207,255,229,251,249,250,225,246,253,236,249,251,239,245,245,255,235,225,233,246,227,237,241,233,232,252,224,230,255,229,225,250,227,25,5,30,28,0,31,2,28,12,17,14,18,8,22,10,21,20,8,8,23,13,13,14,19,6,9,30,11,12,25,15,5,36,62,56,39,61,63,62,35,57,56,46,54,54,41,55,54,46,53,43,42,47,49,47,46,34,61,35,34,35,57,47,47,68,88,90,82,64,91,93,67,88,85,78,84,80,73,94,84,84,64,79,87,73,75,82,75,73,93,67,67,65,89,71,71,125,101,123,123,120,97,127,125,116,109,113,119,104,116,119,126,116,104,106,111,112,108,110,107,124,96,96,102,120,97,97,123,152,152,153,128,156,158,151,140,144,146,145,136,148,148,145,148,136,138,130,144,137,143,147,129,131,139,159,133,128,142,155,185,188,184,167,189,184,189,163,178,176,178,175,181,177,179,171,169,170,173,183,173,175,167,179,161,164,171,191,165,161,166,187,217,221,217,199,222,223,223,195,209,213,208,207,213,209,209,203,201,204,205,215,206,204,201,211,193,197,195,223,197,198,198,219,249,252,253,231,253,244,249,227,241,247,247,239,245,253,244,235,233,239,227,247,238,237,238,243,226,227,229,255,230,231,239,251,26,25,30,7,30,29,27,3,18,17,16,15,22,21,21,11,9,10,8,23,13,14,10,19,1,9,3,31,5,13,4,27,57,49,62,39,62,57,59,35,49,53,53,47,53,48,63,43,41,44,44,55,45,40,38,51,33,34,37,63,37,32,34,59,89,92,88,71,93,94,94,67,81,85,84,79,85,81,86,75,73,77,79,87,77,72,73,83,65,69,75,95,70,70,71,91,122,125,115,103,126,127,119,99,113,121,119,111,118,117,112,107,106,105,104,119,110,111,107,115,98,98,106,127,102,102,111,123,155,153,157,128,159,157,152,140,147,145,151,136,151,149,146,148,139,137,137,144,143,141,138,156,128,134,129,152,132,132,143,164,187,186,178,160,191,191,190,172,176,177,176,168,183,183,178,180,171,170,162,176,175,175,174,188,163,160,163,184,164,165,174,196,219,216,217,192,223,223,214,204,208,209,210,200,212,213,222,212,200,206,201,208,204,204,199,220,192,203,197,216,196,195,199,228,248,254,254,224,252,250,247,236,240,247,247,232,244,242,255,244,232,227,239,240,236,234,232,252,227,226,231,248,228,227,224,4,24,31,18,0,28,26,22,12,19,18,23,8,20,19,19,20,8,15,3,16,15,14,11,28,0,5,7,24,4,0,2,36,56,61,57,32,63,58,60,44,48,52,51,40,52,48,51,52,40,44,40,48,47,42,47,60,35,39,35,56,36,33,37,68,88,93,91,64,92,89,94,76,80,85,81,72,84,81,84,84,72,76,74,80,79,75,76,92,64,69,75,88,68,78,68,100,123,120,114,96,124,118,119,108,112,117,122,104,116,126,119,116,107,104,110,112,111,108,105,124,96,106,107,120,103,101,99,133,152,152,152,129,156,156,150,141,144,144,151,137,151,159,140,149,139,131,132,145,143,135,134,157,138,134,152,141,142,155,185,187,186,167,189,191,190,163,184,178,174,187,180,169,190,182,180,160,174,183,165,168,178,166,162,189,171,160,184,172,166,187,208,208,198,217,217,193,217,214,204,217,214,207,213,201,222,208,212,192,200,215,200,209,198,200,220,194,222,199,216,196,199,219,249,249,230,250,255,225,247,252,236,248,238,251,232,252,245,235,233,235,246,238,239,241,235,238,252,232,229,255,229,229,228,251,29,27,6,26,28,27,2,30,16,16,14,18,20,20,10,22,8,14,22,13,12,17,15,15,8,29,7,5,24,4,6,14,36,56,59,59,32,56,54,35,49,49,53,47,55,48,42,54,41,44,54,40,40,49,47,46,40,61,35,34,34,57,39,38,81,69,89,95,64,92,95,92,76,80,80,83,72,81,87,75,73,75,78,87,72,73,82,78,66,66,94,66,70,66,90,67,121,101,123,122,127,97,120,99,115,109,114,111,117,118,106,118,116,97,104,119,106,113,103,115,105,98,126,98,96,121,103,101,133,146,147,128,149,150,131,145,144,142,145,146,137,148,150,148,141,137,151,136,136,146,139,156,132,158,129,152,134,154,135,164,184,166,186,184,161,191,186,172,176,182,175,179,183,170,181,175,181,173,175,176,170,170,179,162,168,190,162,165,163,186,166,217,222,198,223,216,193,219,217,204,208,211,219,200,209,212,203,201,200,205,215,207,203,210,202,193,221,198,197,216,193,195,219,249,251,249,231,248,255,226,250,244,237,243,241,245,233,247,245,232,245,236,233,240,232,234,243,228,224,254,229,229,249,227,231,4,28,25,7,29,29,31,3,21,20,14,18,20,17,10,18,15,21,11,11,9,17,11,6,28,4,3,31,2,4,26,2,49,37,62,56,32,63,63,55,44,51,55,51,40,55,51,51,52,43,43,40,48,47,47,47,60,35,35,34,56,39,38,47,68,91,90,82,64,95,92,93,76,83,80,80,72,87,84,87,84,75,72,72,80,79,78,75,92,67,66,70,88,68,79,71,100,120,114,124,96,124,120,120,108,115,112,112,104,119,119,119,116,104,108,108,112,108,104,105,124,96,100,101,120,103,102,110,133,152,154,158,129,159,152,144,141,147,148,149,137,151,144,139,149,139,140,137,145,143,136,130,157,128,129,134,153,135,128,187,165,187,189,180,161,191,187,182,173,179,182,180,169,183,178,168,181,171,175,164,177,172,173,168,189,163,167,161,185,164,164,219,197,216,216,221,193,220,220,209,205,211,214,215,201,212,213,192,213,203,206,201,209,207,202,198,221,195,198,192,217,196,196,255,229,248,248,254,225,255,253,248,237,240,247,242,233,247,245,225,245,232,238,238,241,239,236,228,253,224,231,226,249,228,227,16,5,24,31,27,1,31,28,24,13,16,22,23,9,20,19,0,21,8,14,8,17,12,10,4,29,0,6,6,25,7,3,56,37,56,62,61,33,63,59,50,45,48,55,49,41,52,51,40,53,40,47,47,49,44,43,35,61,35,33,45,57,36,35,93,69,91,89,84,65,95,92,85,77,83,80,93,73,84,83,65,85,75,72,69,81,76,74,65,93,67,64,68,89,68,66,121,101,120,126,127,97,124,125,120,109,115,118,124,105,116,117,109,117,104,104,109,113,108,109,100,125,99,102,100,121,103,99,144,134,154,152,155,130,157,147,151,142,146,145,149,138,150,140,128,150,137,143,143,146,142,133,136,158,129,135,135,154,134,189,191,166,185,191,186,162,190,182,183,174,178,178,182,170,182,174,169,182,170,171,175,178,174,166,161,190,161,164,173,186,166,222,208,198,218,218,217,194,221,210,208,206,210,210,210,202,214,206,204,214,202,202,200,210,206,198,200,222,194,195,193,218,198,255,250,230,249,254,252,226,254,248,242,238,242,243,243,234,246,224,232,246,234,229,232,242,238,232,224,254,226,227,226,250,230,16,29,6,26,21,26,2,30,24,22,14,18,29,21,10,22,0,1,22,9,12,13,18,14,9,1,30,2,12,13,26,6,48,60,38,58,59,58,34,58,50,45,52,53,40,51,63,43,46,45,54,44,44,49,43,46,60,39,43,63,35,44,58,32,91,69,93,89,64,90,88,67,85,87,78,91,93,73,94,83,84,72,75,77,80,76,78,71,92,70,67,95,66,77,90,65,113,101,124,125,96,123,121,99,118,117,110,117,113,105,113,127,116,110,109,119,101,104,114,102,99,125,106,106,120,108,98,123,144,155,135,148,148,130,158,144,144,142,146,148,149,138,150,136,138,150,138,140,141,146,134,135,157,131,131,132,153,135,135,186,165,179,189,160,188,190,182,172,176,179,178,168,180,182,177,180,168,170,174,176,172,174,170,188,168,171,191,165,164,166,187,217,216,219,199,221,220,220,195,209,208,218,207,213,212,223,203,201,200,194,215,205,204,200,211,193,192,193,223,197,196,195,219,249,248,242,231,253,255,251,227,241,243,247,239,245,247,244,235,233,235,233,247,237,239,234,243,225,227,224,255,229,231,229,251,25,27,25,7,28,1,26,3,23,13,19,16,8,20,10,19,20,10,22,11,16,12,13,19,7,29,3,6,24,12,26,14,36,56,57,39,61,57,34,62,53,45,51,53,40,52,49,43,42,42,54,41,47,49,44,47,60,35,35,63,37,44,58,37,93,69,88,82,64,94,95,67,83,80,78,81,93,73,84,95,84,74,75,87,79,77,82,76,65,93,65,68,88,70,68,91,123,112,102,120,121,97,125,124,108,117,113,111,119,112,106,116,109,117,110,110,112,105,108,115,100,102,126,103,96,121,98,102,133,158,152,128,153,157,131,148,150,142,150,151,137,147,146,148,140,143,151,137,137,146,139,137,157,135,139,152,128,135,155,189,185,166,189,189,161,187,182,172,183,177,175,178,181,170,178,175,181,175,171,176,171,172,179,165,168,190,162,173,162,186,166,209,221,198,218,213,217,194,222,217,215,206,210,221,214,202,214,193,205,214,202,197,200,210,206,201,194,222,193,196,197,218,197,248,253,230,249,252,255,226,253,240,247,238,241,244,244,234,245,232,238,246,233,236,235,242,237,224,230,254,225,229,230,250,229,26,26,6,25,29,24,2,29,17,17,14,17,20,28,10,21,9,10,22,9,13,9,18,13,1,3,30,1,6,4,26,5,57,62,38,57,60,59,34,61,50,53,46,49,54,49,42,53,40,42,54,41,44,45,50,45,32,32,62,33,32,35,58,38,95,89,70,89,93,90,66,93,82,82,78,81,81,80,74,85,77,77,86,73,72,77,82,78,72,72,94,66,67,69,90,70,112,121,102,121,121,127,98,126,118,120,110,114,124,113,106,117,107,107,118,105,104,101,114,110,103,97,126,98,99,101,122,102,158,146,135,157,155,151,131,146,147,155,143,149,146,150,139,137,129,138,151,141,139,135,147,129,135,135,159,134,134,142,155,186,189,179,167,190,184,190,163,177,178,187,175,181,182,176,171,169,170,162,183,174,169,174,179,162,164,167,191,166,161,162,187,218,221,217,199,222,217,223,195,209,210,208,207,213,214,211,203,202,205,205,215,206,201,202,211,194,197,194,223,198,192,196,219,250,253,243,231,253,254,249,227,242,245,250,239,246,240,247,235,234,236,239,247,238,233,231,243,226,228,227,255,230,230,231,251,25,29,31,7,30,30,30,3,17,20,20,15,21,17,30,11,9,12,14,23,14,14,14,19,1,4,1,31,6,6,4,27,58,58,57,39,62,62,57,35,49,52,48,47,53,48,51,43,42,42,45,55,45,40,45,51,34,34,36,63,37,34,35,59,90,88,91,71,93,91,95,67,81,86,81,79,85,83,82,75,74,72,79,87,77,75,76,83,65,71,71,95,69,66,69,91,121,126,123,103,125,122,127,99,114,112,117,111,117,115,126,107,105,111,105,119,110,108,102,115,98,99,99,127,101,108,100,123,152,147,147,128,156,150,157,140,144,155,145,136,148,145,158,148,136,130,141,144,140,134,143,156,128,139,133,152,132,142,131,164,187,186,189,160,188,182,190,172,179,178,181,168,183,182,177,180,171,170,170,176,172,169,168,188,163,162,167,184,160,165,187,221,221,198,221,216,193,217,222,204,215,214,207,209,213,202,208,202,213,205,202,208,200,198,211,199,194,222,197,198,217,193,207,228,255,249,231,251,255,226,248,247,237,250,241,232,252,242,235,224,239,246,232,228,241,231,238,252,233,228,255,231,224,250,239,17,5,18,28,0,21,25,3,25,20,14,27,28,9,31,18,20,13,13,23,4,4,18,6,4,29,3,3,7,25,7,0,36,48,51,39,61,61,61,35,49,49,52,47,54,54,42,54,40,40,54,34,42,49,47,46,32,61,32,37,56,36,38,35,68,88,90,93,64,92,94,88,76,88,91,79,86,82,74,86,73,72,86,74,77,69,82,78,65,70,94,66,69,70,90,65,100,120,123,115,96,124,127,123,108,112,115,123,104,116,119,112,116,104,104,108,112,108,109,115,102,100,126,100,101,121,103,103,159,134,154,156,154,130,158,144,149,142,146,148,144,138,149,143,149,136,141,144,143,142,147,129,128,138,159,141,134,154,142,189,165,179,185,160,181,186,163,185,178,174,180,177,169,180,191,180,168,171,172,176,172,174,166,188,160,163,167,184,164,164,163,196,219,223,199,218,212,194,216,208,205,213,215,200,211,211,203,207,204,214,204,205,209,200,202,220,201,199,223,195,192,218,206,250,229,251,249,224,250,251,227,248,249,238,245,252,233,240,254,244,224,246,234,237,234,242,238,226,225,254,226,230,228,250,230,26,25,6,26,30,24,2,30,18,20,14,23,28,9,23,22,14,21,11,11,14,17,15,14,1,29,3,2,6,25,7,6,60,37,59,58,57,33,63,62,49,45,55,53,40,61,62,43,32,47,54,44,36,49,47,46,41,61,33,36,56,44,47,59,89,89,83,71,93,93,94,67,83,82,78,90,86,73,95,81,84,72,75,75,80,68,73,83,65,65,67,95,69,68,67,91,124,121,102,122,124,123,98,126,117,117,110,114,113,125,106,118,108,108,118,106,105,104,114,110,99,101,126,97,101,100,122,102,145,159,135,157,149,159,131,146,145,154,143,150,145,148,139,138,141,140,151,142,143,143,147,130,128,138,159,134,132,143,155,186,184,188,167,189,185,183,163,177,178,181,175,181,182,180,171,169,170,169,183,173,174,169,179,161,168,166,191,165,166,165,187,217,221,211,199,221,217,221,195,209,213,211,207,213,208,211,203,201,202,201,215,205,206,206,211,193,194,192,223,198,197,197,219,249,250,243,231,253,254,250,227,241,249,244,239,245,253,241,235,233,238,237,247,237,229,236,243,225,231,228,255,229,225,230,251,25,17,30,7,29,27,24,3,17,25,17,15,21,29,17,11,9,14,15,23,14,9,11,19,2,5,1,31,6,4,2,27,58,56,58,39,62,57,55,35,50,50,50,47,54,54,55,43,42,43,34,55,46,47,39,51,34,35,36,63,38,39,33,59,90,91,94,71,93,90,93,67,81,87,83,79,85,82,84,75,73,78,73,87,77,75,79,83,66,66,70,95,69,67,65,91,121,127,123,103,125,117,120,99,113,120,118,111,117,112,115,107,105,109,98,119,109,100,102,115,98,96,103,127,102,100,98,123,155,152,153,128,156,155,152,140,144,151,155,136,151,150,159,148,139,139,142,144,140,138,138,156,128,135,135,152,135,134,134,164,187,184,186,160,191,190,189,172,176,177,183,168,180,179,179,180,168,169,169,176,175,172,173,188,163,160,160,184,164,162,164,196,216,216,211,192,223,223,215,204,211,211,210,200,212,213,214,212,200,206,203,208,204,199,202,220,192,203,198,216,196,207,206,228,248,249,249,224,252,253,248,236,243,246,251,232,247,243,243,244,235,238,227,240,236,235,237,252,224,231,225,248,228,225,238,4,24,29,29,0,28,25,24,12,16,27,19,8,20,31,22,20,8,2,3,16,12,6,6,28,0,10,5,24,7,2,0,36,59,62,60,32,63,59,63,44,51,49,50,40,55,53,50,52,40,44,47,48,47,44,40,60,35,38,36,56,39,37,32,68,91,88,92,64,95,90,90,76,83,81,82,72,87,84,83,84,75,72,77,80,76,73,76,92,67,71,67,88,71,67,67,100,123,127,122,96,127,124,122,108,120,119,111,118,105,127,117,116,104,104,108,112,108,108,110,124,105,98,127,108,100,122,110,157,134,146,153,129,151,157,140,152,145,143,157,149,138,158,137,149,130,131,144,133,135,147,135,129,158,132,133,153,135,132,164,186,166,189,186,161,188,190,172,183,182,175,180,169,182,171,169,168,182,172,170,177,172,168,188,166,166,191,166,164,186,175,221,197,221,216,192,220,223,217,204,208,211,212,200,212,215,209,212,202,201,215,201,197,210,202,196,221,196,193,216,204,196,219,240,253,230,250,254,250,226,254,242,245,238,242,246,240,234,246,234,235,246,234,238,238,242,238,226,225,254,226,230,228,250,230,24,27,6,26,28,30,2,30,16,17,14,18,20,20,10,30,0,21,3,2,16,4,8,19,9,6,30,2,5,5,26,2,63,37,59,59,52,33,63,62,50,45,51,51,50,41,48,52,52,42,35,55,41,37,50,41,38,61,36,42,56,44,37,59,81,88,70,83,89,65,92,88,76,86,82,79,86,81,74,82,73,85,79,72,80,79,70,83,66,72,94,65,66,89,68,64,100,123,126,103,126,120,98,121,108,118,110,119,104,112,106,117,116,106,118,107,112,108,114,110,100,125,99,102,120,99,111,123,158,159,135,157,157,130,153,153,141,149,146,136,156,149,139,141,141,150,138,140,141,146,142,129,130,158,130,133,135,154,134,186,189,166,188,190,161,191,191,178,173,181,181,168,179,180,171,169,169,173,183,173,172,168,179,161,163,162,191,165,164,160,187,218,219,198,218,212,193,219,216,204,210,218,207,215,220,202,212,206,213,201,204,208,206,202,211,195,196,222,192,198,217,197,196,228,253,252,231,248,250,226,251,244,237,246,246,232,241,244,235,236,234,246,239,236,241,234,238,252,227,227,231,248,231,231,226,4,27,27,25,0,28,27,28,12,16,23,22,8,20,20,31,20,8,9,9,16,12,9,15,28,3,0,2,24,4,2,0,36,56,62,50,32,60,58,61,44,48,54,49,40,55,55,62,52,43,43,42,48,47,47,40,60,35,35,38,56,36,46,33,68,88,83,93,64,95,95,89,76,80,91,87,72,84,82,94,84,75,73,76,80,79,77,74,92,67,66,69,88,71,70,64,100,123,122,127,96,127,126,122,108,115,114,113,104,119,118,116,116,107,106,107,112,111,110,110,124,99,102,101,120,103,98,96,133,152,159,152,129,156,155,149,141,144,151,150,137,148,147,139,149,136,143,140,145,140,139,129,157,128,134,128,153,132,130,189,165,184,190,190,161,188,186,179,173,179,181,189,169,183,190,168,181,171,163,165,177,175,167,163,189,163,166,163,185,167,160,223,197,219,222,223,193,220,221,217,205,208,214,209,201,212,213,207,213,203,195,204,209,207,200,201,221,195,203,195,217,199,192,248,229,251,242,255,225,255,246,249,237,240,240,240,233,244,244,237,245,232,232,238,241,236,236,227,253,227,230,228,249,231,226,25,5,27,31,20,1,31,27,25,13,19,23,18,9,23,19,15,21,11,15,8,17,15,11,5,29,3,6,12,25,7,2,49,37,59,62,58,33,63,58,55,45,48,49,55,41,52,54,43,53,40,41,44,49,47,39,32,61,35,36,38,57,39,36,93,69,91,88,94,65,95,92,83,77,83,80,84,73,87,84,73,85,75,73,68,81,79,77,73,93,67,71,70,89,71,67,123,101,123,127,124,97,127,123,113,109,115,112,124,105,116,119,110,117,107,98,100,113,108,111,101,125,99,102,97,121,103,98,158,134,154,148,157,130,158,152,144,142,146,147,157,138,150,143,128,150,138,139,139,146,142,135,134,158,130,141,133,154,134,177,184,166,185,184,180,162,189,180,178,174,177,177,177,170,182,173,169,182,170,168,171,178,174,164,169,190,162,160,165,186,166,222,222,198,218,218,217,194,222,214,212,206,210,210,215,202,214,206,202,214,202,202,205,210,206,198,192,222,194,195,193,218,197,251,249,230,249,255,249,226,254,247,242,238,241,241,245,234,245,235,235,246,233,239,238,242,237,226,232,254,225,227,249,239,229,4,24,19,7,27,1,28,22,12,16,27,15,17,9,20,20,20,8,12,23,13,5,18,7,5,29,10,0,24,12,7,27,57,57,38,57,52,33,63,55,44,48,58,47,54,55,42,54,41,53,44,45,48,43,46,51,35,40,62,37,33,57,39,34,68,88,70,83,64,90,89,67,85,82,78,87,80,73,81,87,84,72,86,72,79,81,72,77,92,69,74,95,69,68,65,91,125,124,102,125,125,97,123,125,108,112,112,115,104,116,116,113,116,111,104,119,105,109,114,106,103,125,99,97,102,121,98,123,154,155,135,157,159,159,131,147,152,142,151,149,137,149,149,148,136,138,138,144,143,135,147,132,157,131,130,132,153,130,134,164,188,189,167,191,181,162,187,176,173,179,179,189,169,176,181,180,170,175,183,168,168,178,172,169,189,160,161,184,162,167,187,222,220,198,220,220,193,215,223,204,211,213,207,213,212,215,203,201,200,194,215,205,203,210,199,199,221,197,198,216,205,194,219,241,253,230,250,244,225,252,251,236,248,240,239,243,247,234,241,239,245,238,234,240,233,233,243,226,253,225,255,228,249,231,251,25,29,6,26,25,1,31,29,12,16,17,15,18,18,10,16,15,21,2,23,4,4,18,14,1,6,30,2,5,13,26,6,58,57,38,58,62,60,34,58,56,45,51,50,51,41,55,55,41,53,43,41,43,49,47,45,37,61,35,35,35,57,39,38,95,69,91,90,88,65,95,94,86,77,87,82,72,81,95,75,77,78,86,74,77,75,82,70,72,93,67,66,70,89,71,70,122,101,123,122,126,97,127,127,121,109,113,113,104,124,114,107,111,106,118,111,107,113,111,111,105,125,107,106,120,100,103,103,133,158,152,128,149,153,131,151,153,142,145,149,147,138,150,129,136,150,138,138,142,146,142,136,137,158,130,140,135,154,133,185,184,166,186,184,180,162,190,181,184,174,178,177,177,170,181,169,173,182,169,174,173,178,174,165,167,190,162,160,173,186,166,221,208,198,217,221,219,194,222,214,215,206,210,210,212,202,214,193,192,214,202,207,206,210,206,195,200,222,194,199,193,218,198,241,252,230,250,245,252,226,254,246,247,238,242,253,247,234,246,238,238,246,234,228,234,242,238,230,229,254,226,227,225,250,229,24,26,6,26,25,27,2,30,18,24,14,18,19,28,10,22,0,12,22,9,8,9,18,14,6,4,30,2,2,2,26,6,62,57,38,58,52,57,34,61,52,56,46,50,54,60,42,54,45,43,54,41,40,47,50,46,36,40,62,34,32,36,58,38,92,95,70,90,89,91,66,93,84,81,78,81,87,85,74,86,78,75,86,74,75,77,82,78,70,64,94,65,68,66,90,69,120,120,102,121,126,121,98,125,114,116,110,113,119,125,106,117,107,96,118,105,111,107,114,109,99,102,126,97,103,97,122,101,154,159,135,157,155,159,131,145,150,151,143,149,144,150,139,137,128,131,151,142,140,139,147,130,128,128,159,134,135,132,155,186,187,185,167,189,184,188,163,178,176,183,175,182,181,181,171,170,169,163,183,174,175,173,179,162,161,163,191,166,164,167,187,218,216,216,199,222,220,218,195,209,213,215,207,213,209,213,203,201,202,207,215,206,204,202,211,193,200,192,223,198,196,194,219,250,248,254,231,254,252,254,227,242,241,245,239,245,241,244,235,234,235,234,247,237,228,232,243,226,225,230,255,230,228,224,251,26,25,28,7,30,29,26,3,17,18,21,15,22,17,17,11,10,13,3,23,14,9,14,19,1,9,3,31,6,7,3,27,58,60,59,39,62,57,63,35,50,51,53,47,54,48,55,43,42,44,43,55,45,42,38,51,34,32,33,63,38,37,35,59,90,88,90,71,94,95,94,67,81,89,87,79,86,87,81,75,74,74,73,87,78,79,74,83,65,70,64,95,69,67,68,91,122,123,124,103,126,126,118,99,114,115,123,111,117,114,114,107,106,108,104,119,110,111,102,115,98,98,100,127,102,97,110,123,155,153,147,128,159,157,153,140,144,148,154,136,151,148,139,138,143,150,138,139,145,134,141,156,129,158,129,128,153,135,129,164,184,184,167,190,187,162,189,180,173,186,176,168,176,182,171,172,173,182,175,165,177,168,174,188,166,162,191,165,172,186,166,218,197,218,199,221,223,194,217,215,205,211,213,200,215,214,203,202,192,214,204,208,203,198,211,195,193,222,193,216,196,198,219,250,255,230,250,254,225,251,255,236,240,240,242,232,247,254,235,234,245,232,236,240,239,237,243,225,227,227,255,229,228,229,251,29,16,6,31,21,1,27,25,12,25,18,15,28,21,10,22,10,10,22,10,14,13,18,14,2,0,30,2,4,7,26,6,56,58,38,58,60,61,34,62,48,48,46,58,60,41,50,53,52,42,34,55,37,42,50,41,34,61,38,39,56,33,35,59,91,90,70,88,84,65,87,86,76,85,84,79,82,85,74,95,64,85,66,79,80,75,74,83,73,67,94,74,71,89,79,68,100,123,126,103,126,121,98,124,112,109,117,116,104,125,127,107,111,106,118,108,101,113,105,108,124,105,100,127,102,96,122,97,156,134,157,154,129,150,159,140,151,148,143,147,148,138,144,143,149,130,141,144,140,146,136,137,157,132,134,152,130,132,155,185,186,166,188,187,161,185,183,172,184,176,175,179,189,170,182,169,172,182,170,174,172,178,166,168,189,164,162,184,160,175,187,222,216,198,211,212,193,217,223,204,217,213,207,221,212,202,209,200,213,203,201,204,209,207,206,198,221,195,193,195,217,194,206,228,252,253,231,253,253,253,227,241,241,247,239,253,243,234,244,239,245,235,235,237,241,239,239,226,253,227,226,226,249,231,231,26,5,27,27,27,1,23,24,12,16,16,17,8,17,19,11,9,9,13,23,13,13,15,19,1,1,10,31,0,4,26,6,60,60,38,58,56,59,34,62,50,57,46,50,48,51,42,54,45,40,54,42,41,42,50,46,35,37,62,33,37,34,58,37,89,92,70,89,92,84,66,94,88,81,78,82,83,85,74,86,79,64,86,74,69,76,82,77,65,71,94,66,64,68,90,70,124,123,102,122,127,125,98,126,115,121,110,114,125,114,106,118,108,111,118,106,105,109,114,110,100,102,126,98,103,98,122,102,144,146,135,157,158,152,131,145,146,149,143,149,144,149,139,137,141,139,151,141,137,140,147,129,130,134,159,133,128,143,155,186,188,190,167,190,184,186,163,178,180,178,175,181,176,177,171,169,170,169,183,173,168,170,179,161,165,170,191,166,161,174,187,218,220,222,199,221,213,216,195,209,214,218,207,213,221,211,203,202,200,207,215,206,205,199,211,194,197,202,223,198,193,207,219,250,250,250,231,254,254,255,227,242,243,250,239,246,247,255,235,234,235,236,247,238,239,233,243,225,231,235,255,229,227,225,251,26,26,18,7,29,20,31,3,17,22,23,15,21,18,20,11,9,15,12,23,13,11,9,19,2,3,6,31,5,2,3,27,57,48,63,39,62,60,57,35,50,48,55,47,53,60,53,43,42,40,35,55,46,47,46,51,34,35,32,63,37,32,37,59,89,92,91,71,93,88,87,67,82,81,84,79,86,84,80,75,74,73,76,87,78,77,72,83,66,65,64,95,70,68,67,91,121,122,126,103,125,116,124,99,113,120,113,111,118,117,127,107,105,96,109,119,109,100,102,115,98,97,100,127,102,100,99,123,152,158,153,128,159,158,153,140,144,155,151,136,151,150,150,148,136,137,131,144,143,142,139,156,131,130,134,152,135,132,134,164,187,190,186,160,191,186,189,172,179,183,179,168,183,180,176,180,168,162,173,176,172,166,169,188,160,171,163,184,167,162,174,196,219,217,216,192,223,218,217,204,211,214,219,200,212,222,222,212,203,207,206,208,207,202,202,220,195,199,193,216,196,193,193,228,248,252,253,224,255,253,255,236,243,241,247,232,247,244,242,244,232,236,233,240,239,236,231,252,227,224,234,248,231,226,226,4,27,25,24,0,31,29,27,12,19,16,21,8,23,19,22,20,8,13,11,16,15,13,11,28,3,1,3,24,7,5,0,36,49,61,39,61,52,34,62,54,45,52,47,54,53,42,53,41,53,41,42,48,37,50,39,39,61,42,38,56,45,37,59,89,81,70,90,94,65,95,88,76,83,91,79,83,85,74,86,65,85,75,73,80,77,82,78,66,93,68,68,88,68,64,91,122,121,102,121,117,97,121,99,118,121,110,114,116,105,119,114,116,106,107,119,109,104,114,110,98,125,103,101,120,102,101,123,152,152,159,128,156,156,155,140,144,144,151,136,144,159,139,139,128,150,142,138,145,139,135,156,128,131,139,152,132,132,131,164,188,188,167,185,191,162,185,179,173,186,182,168,189,181,171,175,172,182,172,171,177,175,175,160,189,163,163,165,185,175,175,196,208,211,199,213,219,194,214,215,205,211,210,212,201,215,214,201,213,201,204,208,201,205,211,193,193,196,223,193,204,218,195,251,229,254,251,224,244,254,227,249,240,238,241,252,233,254,244,244,238,235,247,229,238,242,231,227,253,228,234,248,237,225,251,16,25,6,19,30,1,28,30,12,16,27,15,22,18,10,16,12,21,3,9,16,5,12,19,8,3,30,11,2,25,1,2,36,59,38,61,52,33,56,54,44,57,55,47,51,53,42,63,32,53,44,34,48,42,45,51,33,33,62,43,33,57,36,38,68,80,70,90,94,93,66,94,82,87,78,82,86,85,74,82,75,85,75,74,69,81,79,77,69,93,67,66,66,89,67,65,100,127,120,103,125,127,120,99,113,112,118,111,117,119,119,107,109,97,118,106,109,108,114,102,103,125,99,99,97,121,111,110,133,158,156,128,148,151,131,153,151,142,146,149,157,138,150,136,142,150,138,141,132,146,142,128,133,158,130,132,131,154,132,176,165,190,191,160,185,182,163,181,180,174,183,183,169,178,181,180,168,171,170,176,172,173,174,188,160,167,160,184,164,163,166,196,216,216,210,192,220,219,218,204,208,215,213,200,212,211,223,212,203,203,202,208,207,204,205,220,192,193,202,216,196,194,207,228,248,255,249,224,252,250,247,236,243,246,245,232,247,242,245,244,235,235,236,240,236,231,231,252,224,235,234,248,228,239,225,4,24,19,28,0,28,23,27,12,16,27,22,8,20,31,21,20,8,3,8,16,15,14,9,28,3,2,4,24,7,6,3,36,56,57,59,32,60,60,54,44,48,59,58,40,55,54,55,52,40,47,46,48,44,41,38,60,32,36,39,56,39,34,35,68,91,89,89,64,95,90,93,76,80,84,80,72,84,81,94,84,72,77,77,80,76,73,71,92,64,69,74,88,71,66,67,100,120,114,125,96,124,119,126,108,112,117,118,104,116,113,113,116,104,109,111,112,108,105,106,124,96,100,96,120,103,101,96,133,152,155,156,129,156,159,144,141,144,145,147,137,148,149,140,149,136,137,137,145,140,140,136,157,128,128,141,153,132,132,190,165,184,184,187,161,188,188,180,173,176,176,177,169,180,180,170,181,168,168,175,177,175,170,160,189,160,161,166,185,164,166,216,197,219,223,213,193,220,221,209,205,208,210,210,201,215,211,204,213,203,194,203,209,204,206,196,221,192,194,204,217,196,198,248,229,251,254,251,225,252,255,242,237,240,243,242,233,244,247,235,245,232,235,229,241,239,235,226,253,224,226,231,249,231,238,27,5,24,26,24,1,31,28,25,13,19,16,21,9,23,30,15,21,8,11,11,17,12,15,2,29,3,5,6,25,7,1,62,37,59,63,61,33,63,60,56,45,51,48,61,41,55,52,46,53,43,40,43,49,47,39,34,61,35,43,39,57,39,47,88,69,88,95,92,65,92,90,82,77,80,87,83,73,87,82,79,85,75,78,73,81,79,75,71,93,67,71,77,89,71,79,112,101,123,115,117,97,127,119,118,109,115,123,115,105,119,127,108,117,107,99,105,113,111,105,102,125,99,101,99,121,100,100,158,134,153,158,154,130,158,150,147,142,145,144,150,138,149,138,142,150,137,142,137,146,141,130,135,158,129,134,130,154,134,190,189,166,185,191,184,162,189,181,180,174,177,182,188,170,181,171,172,182,169,169,174,178,172,160,189,160,164,184,167,161,187,209,217,198,210,220,193,214,223,204,210,206,209,211,201,215,214,212,192,214,202,201,209,204,207,220,200,195,223,197,196,218,199,228,241,230,252,253,225,251,227,241,240,238,245,232,243,241,235,233,224,246,233,232,241,238,243,230,228,254,226,229,249,238,251,27,25,6,30,30,1,30,3,19,17,14,21,23,9,19,22,20,8,11,13,16,9,6,19,6,1,30,6,1,25,7,5,57,37,59,58,63,33,56,60,44,53,59,47,49,51,42,54,42,44,54,47,45,49,45,43,60,36,38,63,37,39,39,59,91,80,70,95,93,65,93,93,76,80,82,82,72,81,95,75,77,65,86,79,74,81,79,78,65,93,70,66,88,65,68,91,125,127,102,122,116,97,125,123,108,119,114,111,119,118,106,115,109,117,104,105,112,107,105,115,105,99,126,107,100,121,111,101,133,156,153,128,152,150,131,145,150,142,144,148,137,149,150,148,139,130,151,142,132,146,141,134,157,128,132,152,135,130,155,186,188,166,189,160,186,162,187,172,182,182,175,179,182,170,182,173,181,170,183,164,174,178,168,165,189,171,161,184,164,164,187,217,223,198,218,220,193,215,222,204,214,215,207,211,215,202,214,202,203,214,202,206,206,210,201,192,221,195,195,198,217,199,199,255,229,251,249,249,225,248,253,236,240,243,251,232,244,244,244,244,232,234,236,240,235,233,243,225,224,229,255,229,229,239,251,25,24,30,7,29,31,26,3,20,25,14,18,21,9,23,20,20,10,12,23,15,10,18,12,4,29,1,6,24,6,4,27,59,58,38,63,58,33,58,56,44,53,54,47,48,48,42,51,42,53,46,40,48,36,41,51,33,32,35,63,38,36,34,59,89,92,88,71,93,88,87,67,82,80,81,79,85,86,82,75,73,76,79,87,77,73,71,83,65,68,75,95,70,71,68,91,121,125,121,103,125,126,121,99,113,117,112,111,117,113,112,107,106,104,107,119,109,110,102,115,97,100,100,127,101,97,111,123,155,154,157,128,156,151,153,140,144,144,155,136,148,146,151,148,136,137,142,144,143,141,136,156,131,129,134,152,135,134,129,164,187,186,188,160,191,190,187,172,179,178,182,168,183,182,181,180,171,170,168,176,175,174,175,188,163,162,162,184,164,161,174,196,216,210,222,192,220,217,217,204,211,211,213,200,215,215,209,212,203,200,201,208,207,207,199,220,195,198,194,216,199,195,195,228,251,255,254,224,255,251,253,236,243,247,240,232,247,243,247,244,235,239,234,240,239,234,231,252,224,229,229,248,228,224,231,4,27,25,26,0,28,22,31,12,16,20,21,8,20,16,20,20,8,13,14,16,12,9,13,28,3,1,0,24,4,0,15,36,56,50,61,32,60,56,61,44,48,53,55,40,52,63,55,52,40,44,41,48,44,40,40,60,32,36,36,56,36,35,47,68,88,95,83,64,92,90,87,76,80,91,90,72,87,87,82,84,72,67,66,80,76,71,72,92,64,75,70,88,71,70,79,100,120,127,114,96,127,127,124,108,115,115,116,104,119,116,116,116,107,107,104,112,111,110,107,124,99,98,107,120,100,111,101,133,152,153,158,129,159,150,147,141,144,145,149,137,151,158,129,149,139,130,142,145,140,142,131,157,128,130,135,153,135,142,187,165,184,185,189,161,191,187,176,173,176,178,181,169,183,178,169,181,171,168,165,177,175,166,168,189,163,170,166,185,164,162,216,197,219,211,223,193,220,219,209,205,208,214,213,201,212,211,206,213,203,195,202,209,207,200,198,221,192,199,196,217,196,195,248,229,248,254,253,225,255,247,248,237,240,240,247,233,244,245,239,245,232,232,233,241,236,234,227,253,227,228,227,249,228,228,17,5,24,25,27,1,28,29,21,13,16,16,17,9,20,19,14,21,8,8,8,17,12,12,0,29,0,7,12,25,4,4,61,37,56,63,59,33,60,60,51,45,48,48,60,41,52,50,45,53,40,46,41,49,44,44,33,61,32,38,37,57,47,35,68,81,94,71,91,95,66,88,89,77,90,80,72,93,84,75,74,74,86,74,77,81,79,72,92,66,67,95,77,89,71,78,100,123,122,103,126,127,98,118,113,109,117,115,104,116,127,107,105,107,118,107,112,108,108,115,97,96,98,127,101,101,96,123,159,159,135,155,149,130,152,153,141,149,149,136,146,145,139,143,141,150,140,137,145,137,141,156,134,129,159,133,132,142,155,185,184,179,167,189,188,184,163,177,179,178,175,181,183,177,171,169,168,175,183,175,177,168,173,188,164,163,191,161,173,186,166,218,221,198,222,218,193,221,219,204,215,208,207,209,220,202,211,204,213,207,203,208,201,206,211,197,197,222,198,192,217,207,207,228,250,242,231,249,251,226,251,249,237,241,240,232,243,246,235,236,232,246,234,236,228,242,235,227,253,227,227,227,249,227,238,4,29,30,7,20,24,2,23,24,13,27,19,8,29,23,11,9,1,22,13,9,17,6,10,28,7,11,31,3,0,26,0,63,37,50,57,32,63,55,35,57,48,46,52,54,41,52,51,52,40,43,40,48,44,47,44,60,32,35,35,56,44,32,59,91,89,70,89,64,90,90,67,87,80,78,84,93,73,80,82,84,64,73,87,75,78,82,78,67,93,69,74,88,77,79,91,113,121,102,124,124,97,127,127,112,109,115,115,116,105,115,127,116,107,110,119,110,105,114,106,97,125,102,107,120,97,111,123,159,152,135,154,158,130,153,144,141,148,146,136,144,158,139,141,128,150,142,138,145,139,136,156,130,138,159,133,133,130,155,185,184,187,167,184,188,162,188,180,173,179,178,183,169,183,183,169,181,171,170,168,177,170,169,188,164,162,191,160,161,186,166,218,220,198,218,220,216,194,222,208,215,206,210,212,213,202,214,200,200,214,201,206,207,210,206,197,201,222,194,192,193,218,198,252,253,230,250,249,251,226,254,243,244,238,242,241,246,234,246,237,232,246,234,239,232,242,238,229,229,254,226,231,231,250,230,29,27,6,26,25,30,2,30,20,19,14,18,16,21,10,22,13,9,22,10,8,5,18,13,0,7,30,1,7,6,26,5,59,48,38,58,53,57,34,62,57,52,46,50,61,55,42,54,33,42,54,41,44,43,50,45,32,38,62,33,36,33,58,37,88,92,70,89,92,95,66,93,80,82,78,81,84,85,74,85,72,72,86,74,69,76,82,78,71,70,94,65,64,65,90,70,112,127,102,122,116,120,98,125,116,114,110,114,115,114,106,118,97,104,118,106,100,107,114,109,101,100,126,98,98,109,122,102,159,158,135,157,154,158,131,145,152,146,143,150,145,150,139,137,142,139,151,141,139,141,147,129,137,130,159,134,134,129,155,186,187,179,167,190,184,187,163,178,180,182,175,182,183,178,171,170,171,173,183,173,165,168,179,161,166,166,191,165,162,162,187,217,223,219,199,221,218,219,195,210,210,209,207,214,214,212,203,201,207,194,215,206,204,200,211,194,192,195,223,197,193,206,219,249,240,243,231,254,252,251,227,241,248,240,239,246,246,243,235,233,234,235,247,238,239,233,243,225,228,235,255,230,229,230,251,26,24,25,7,30,31,29,3,18,16,17,15,21,16,20,11,10,9,11,23,14,12,15,19,2,0,0,31,6,5,2,27,57,61,59,39,62,61,54,35,49,56,58,47,54,52,55,43,42,44,42,55,45,40,40,51,34,37,32,63,37,38,37,59,89,93,91,71,94,93,89,67,81,88,85,79,86,85,82,75,73,79,78,87,77,72,72,83,65,73,65,95,69,77,70,91,121,113,123,103,125,122,118,99,113,118,123,111,117,114,112,107,105,110,109,119,109,100,110,115,98,100,98,127,102,97,100,123,155,158,146,128,156,155,158,140,144,150,150,136,148,146,158,148,136,142,140,144,140,136,137,156,128,132,132,152,132,128,131,164,184,188,190,160,188,184,189,172,176,180,176,168,180,176,183,180,168,172,170,176,175,172,170,188,163,160,171,184,164,160,167,196,216,221,216,192,223,218,215,204,211,209,219,200,215,211,214,212,200,204,194,208,202,202,211,200,197,222,198,216,196,193,219,249,241,230,249,244,225,252,246,236,249,244,239,246,240,234,254,244,232,227,247,238,232,242,238,229,253,227,228,248,231,228,251,16,5,29,18,0,26,25,3,17,17,22,15,21,21,18,11,14,14,22,13,8,17,8,10,28,6,10,31,3,12,26,0,62,37,61,60,32,58,58,35,55,52,46,52,54,41,49,52,52,40,43,35,48,46,41,51,36,40,62,32,39,57,37,46,68,90,89,71,90,95,66,94,81,82,78,86,83,73,80,85,84,77,67,87,73,75,82,70,70,93,64,75,88,67,71,91,124,124,102,121,125,97,125,123,108,116,118,111,113,116,106,115,107,117,105,105,112,110,105,115,97,97,103,127,101,101,110,123,155,147,135,152,155,130,154,147,141,147,146,136,150,145,139,140,136,150,136,139,145,137,134,156,135,133,159,141,134,154,143,190,165,188,190,160,180,184,163,184,180,174,181,179,169,177,181,180,161,172,183,165,168,178,167,168,189,160,167,184,164,174,187,218,197,219,217,218,193,216,216,204,217,209,207,213,213,213,203,207,202,214,204,201,209,201,207,220,198,202,223,204,192,218,198,248,250,230,252,249,225,250,227,244,237,241,250,232,246,245,235,224,245,227,247,233,233,242,234,229,253,231,225,248,224,229,251,29,25,6,30,29,1,31,30,23,13,19,17,19,9,23,21,10,21,15,15,16,12,9,19,2,2,30,6,12,25,3,14,36,60,60,39,57,58,34,60,56,45,49,58,40,54,48,43,43,46,54,42,44,42,50,46,32,32,62,32,38,57,39,38,88,69,91,91,93,65,90,88,76,80,80,83,72,84,86,86,84,72,75,74,80,76,78,78,92,69,66,95,69,71,71,91,121,122,123,103,125,126,124,99,113,116,116,111,118,119,119,107,105,107,98,119,109,104,110,115,97,98,99,127,102,100,96,123,155,152,153,128,156,155,155,140,144,150,149,136,148,147,148,148,139,142,140,144,143,138,142,156,131,134,134,152,135,130,132,164,184,179,179,160,188,183,182,172,176,187,181,168,180,191,176,180,168,163,175,176,172,167,170,188,160,171,161,184,164,175,164,196,216,223,221,192,220,221,215,204,208,215,209,200,212,211,213,212,200,207,201,208,204,205,204,220,195,194,195,216,196,197,196,228,248,243,250,224,252,248,251,236,240,244,243,232,247,247,241,244,235,235,237,240,239,234,236,252,227,230,227,248,231,226,230,4,27,31,31,0,28,22,25,12,16,21,27,8,20,30,18,20,11,11,14,16,15,14,6,28,3,3,0,24,7,7,6,36,59,57,59,32,63,61,62,44,51,48,59,40,55,52,62,52,40,44,47,48,44,41,45,60,32,37,43,56,39,36,34,68,88,94,94,64,95,92,88,76,83,81,85,72,84,80,82,84,72,66,66,80,76,72,77,92,64,69,65,88,71,69,68,100,123,120,120,96,127,127,120,108,112,118,123,104,119,116,119,116,104,99,111,112,111,111,111,124,99,99,100,120,100,111,98,133,152,155,153,129,159,154,145,141,144,145,151,137,148,150,136,149,136,138,136,145,140,142,133,157,128,129,133,153,132,134,176,165,184,186,188,161,188,187,184,173,176,179,176,169,180,182,168,181,168,171,175,177,175,166,169,189,160,162,165,185,167,164,223,197,219,216,217,193,223,220,212,205,211,215,212,201,212,215,201,213,203,194,203,209,207,201,198,221,195,197,198,217,199,196,255,229,251,243,254,225,255,247,243,237,243,251,244,233,247,255,233,245,235,236,228,241,239,232,233,253,227,228,226,249,228,227,31,5,24,31,29,1,28,28,23,13,19,27,28,9,23,30,12,21,11,3,14,17,15,7,7,29,0,7,13,25,4,3,61,37,56,56,56,33,60,60,50,45,48,55,55,41,52,53,44,53,40,40,44,49,47,41,35,61,32,32,39,57,36,36,81,69,91,92,88,65,92,92,80,77,80,86,86,73,84,84,78,85,72,73,75,81,76,75,73,93,64,70,69,89,71,65,121,101,127,127,96,120,120,99,117,118,110,117,117,105,117,113,116,108,105,119,105,110,114,108,99,125,103,102,120,97,101,123,156,152,135,154,159,130,155,144,141,154,146,136,157,159,139,138,149,130,151,141,141,139,147,129,128,131,159,130,131,154,129,191,165,188,191,160,187,187,163,183,185,174,180,189,169,177,177,180,174,173,183,171,169,178,168,165,189,165,161,184,162,165,187,222,218,198,223,213,193,223,222,214,205,212,210,200,214,209,203,205,193,214,206,206,209,207,206,195,221,203,202,216,204,206,219,249,251,254,231,250,253,226,250,244,237,247,246,232,240,243,235,236,239,246,232,233,241,237,234,252,224,226,227,248,225,239,251,28,27,6,24,20,1,26,25,12,22,20,15,18,29,10,22,9,8,22,10,12,5,18,14,0,8,30,2,4,3,26,6,56,62,38,58,60,57,34,62,48,52,46,49,54,41,52,52,52,43,42,55,46,44,50,46,40,61,35,42,56,36,32,59,89,94,70,88,92,65,89,93,76,88,81,79,83,92,74,95,76,85,75,66,80,79,72,83,65,64,65,95,69,68,69,91,121,120,122,103,117,123,98,122,108,112,115,115,104,116,119,127,116,96,99,119,109,109,104,115,97,96,107,127,101,96,122,102,153,156,135,157,157,150,131,145,145,155,143,157,137,151,139,139,143,150,137,132,145,139,138,156,132,128,159,129,134,154,130,184,165,191,186,160,185,182,163,180,184,174,181,182,169,176,180,180,175,170,183,170,172,178,170,168,189,167,170,184,160,160,187,221,222,198,216,212,193,223,222,215,205,219,212,200,212,215,212,212,200,203,194,208,204,207,204,220,192,195,195,216,198,197,219,249,251,248,231,253,255,251,227,241,243,243,239,245,245,242,235,239,245,235,247,232,237,242,235,225,253,224,226,224,249,228,230,29,5,24,26,30,1,28,30,19,13,16,18,20,9,20,22,9,21,8,11,4,17,12,15,9,29,0,1,6,25,4,5,59,37,59,62,63,33,63,59,55,45,51,54,60,41,52,51,46,53,40,47,46,49,44,46,39,61,35,42,44,57,39,46,81,69,91,82,90,65,95,86,87,77,83,90,80,73,87,94,77,85,75,66,78,81,79,76,66,93,67,65,76,89,71,68,113,101,120,121,121,97,124,124,113,109,112,115,118,105,116,119,107,117,104,107,108,113,108,111,97,125,99,100,109,121,103,111,156,134,154,155,155,130,157,145,151,142,145,149,147,138,149,140,138,150,137,136,141,146,141,132,128,158,129,129,129,154,134,191,176,166,186,187,180,162,190,185,177,174,178,188,178,170,182,160,170,182,169,168,165,178,174,164,167,190,162,167,164,186,166,221,209,198,217,222,213,194,221,212,217,206,209,214,211,202,213,202,204,214,201,206,203,210,205,194,196,222,193,198,194,218,197,250,255,230,249,255,251,226,254,244,243,238,242,242,247,234,246,239,233,246,234,234,235,242,238,231,229,254,225,229,228,250,230,29,24,6,26,21,31,2,29,18,16,14,17,21,28,10,22,1,11,22,10,8,9,18,14,9,6,30,1,4,12,26,6,61,48,38,58,53,58,34,61,49,49,46,49,52,50,42,53,40,40,54,42,41,47,50,45,34,32,62,34,45,32,58,37,89,91,70,89,92,88,66,93,81,84,78,82,93,92,74,86,65,64,86,74,78,69,82,77,64,67,94,65,68,70,90,69,121,125,102,122,122,124,98,126,118,118,110,114,119,125,106,118,107,96,118,106,111,107,114,110,99,102,126,97,97,101,122,101,157,146,135,158,153,153,131,146,149,150,143,150,144,146,139,137,142,131,151,142,137,143,147,130,133,128,159,134,128,133,155,186,188,186,167,190,190,183,163,178,178,186,175,182,183,183,171,170,170,169,183,174,169,167,179,162,165,165,191,166,161,164,187,218,219,220,199,222,223,218,195,209,215,215,207,213,220,215,203,201,207,201,215,206,206,206,211,194,195,198,223,198,199,192,219,250,252,248,231,254,254,253,227,241,243,250,239,245,247,254,235,233,238,235,247,237,235,230,243,225,231,235,255,236,226,250,229,28,5,24,29,0,28,25,3,17,25,14,17,28,9,30,22,20,11,14,23,14,15,18,14,8,29,0,3,24,12,26,6,49,37,56,50,32,63,55,35,55,49,46,58,52,41,48,63,52,42,54,40,48,44,43,51,33,40,62,39,56,44,47,59,89,89,91,71,85,90,66,94,80,82,78,84,80,73,81,82,84,78,72,87,75,78,82,74,72,93,71,69,88,64,67,91,125,123,102,125,126,97,127,126,117,109,113,118,104,112,118,107,108,109,118,110,100,113,107,104,124,100,99,127,102,108,122,99,159,134,159,149,129,159,157,145,141,147,145,151,137,151,151,139,149,139,136,144,137,141,147,132,136,158,134,129,153,133,132,164,189,189,167,184,184,162,187,178,173,187,187,168,182,179,171,172,174,182,173,172,177,167,169,188,160,162,164,184,164,166,166,196,209,222,199,219,221,194,215,208,205,218,212,200,220,213,203,201,200,195,215,202,197,210,199,199,221,192,202,216,199,199,219,252,241,230,255,244,225,252,248,236,243,246,239,246,240,234,241,244,225,238,247,235,236,242,231,231,253,229,226,248,226,230,251,31,17,6,26,28,31,2,22,17,13,21,19,8,23,10,30,1,21,13,14,16,10,14,19,7,6,30,10,24,1,5,27,61,60,38,62,56,33,55,60,44,48,51,58,40,52,55,51,52,40,43,45,48,36,38,51,33,35,33,63,37,37,33,59,89,88,91,71,84,84,66,94,81,84,78,82,84,81,74,86,74,74,86,74,77,69,82,78,64,69,94,66,68,64,90,78,127,101,123,123,126,97,127,126,120,109,115,115,118,105,119,119,104,117,108,98,112,108,110,108,124,96,99,99,120,108,96,123,144,146,135,157,157,151,131,148,144,142,150,136,150,138,149,137,141,150,137,141,136,146,141,129,131,158,129,133,134,154,134,186,176,166,186,184,185,162,190,179,177,174,178,176,189,170,182,173,172,182,170,168,168,178,174,168,166,190,162,167,163,186,166,220,222,198,217,221,222,194,222,214,217,206,210,209,215,202,214,204,193,214,202,207,205,210,206,195,201,222,194,192,192,218,198,241,253,230,249,254,255,226,254,249,243,238,242,247,241,234,246,236,234,246,234,239,237,242,238,227,230,254,225,229,224,250,230,31,26,6,26,24,31,2,30,21,23,14,18,28,19,10,22,15,0,22,10,10,8,18,14,6,3,30,2,12,13,26,6,63,62,38,58,52,63,34,61,52,57,46,49,48,54,42,54,45,46,54,42,43,43,50,46,39,37,62,34,44,33,58,38,93,94,70,90,91,89,66,94,87,86,78,81,81,84,74,85,75,64,86,73,76,79,82,77,64,71,94,65,68,69,90,69,120,121,102,121,126,122,98,125,114,117,110,113,118,112,106,117,107,97,118,106,106,110,114,110,102,98,126,98,99,97,122,102,158,155,135,157,155,153,131,146,146,144,143,149,146,147,139,137,128,140,151,142,140,138,147,130,128,133,159,134,133,142,155,185,189,188,167,189,185,188,163,177,181,182,175,182,177,190,171,170,169,162,183,174,173,170,179,162,161,162,191,166,167,166,187,218,216,216,199,222,220,216,195,210,211,211,207,213,208,215,203,202,201,202,215,205,196,202,211,194,192,195,223,197,193,199,219,249,251,242,231,254,255,247,227,242,240,242,239,245,252,244,235,233,224,239,247,238,237,236,243,225,229,224,255,229,230,228,251,25,31,29,7,29,27,31,3,17,18,20,15,21,22,17,11,9,1,8,23,13,5,13,19,2,5,0,31,6,6,7,27,58,61,57,39,62,56,58,35,50,53,55,47,53,60,55,43,42,41,47,55,46,41,40,51,34,34,34,63,38,33,46,59,89,81,92,71,93,91,88,67,81,89,86,79,86,85,82,75,73,64,78,87,78,78,70,83,66,66,65,95,69,77,69,91,121,126,120,103,126,126,121,99,114,115,123,111,118,113,112,107,105,111,108,119,109,100,111,115,97,103,98,127,101,98,101,123,152,146,158,128,156,150,152,140,144,154,151,136,148,144,146,148,129,141,151,138,133,146,135,137,157,138,129,152,131,128,155,190,176,166,189,185,161,182,184,172,176,179,183,168,180,183,191,180,160,169,183,165,173,178,166,161,189,170,171,184,166,167,187,218,217,198,221,192,212,194,223,204,214,212,207,209,212,202,214,205,213,203,195,208,202,210,205,199,221,199,223,198,217,194,219,255,252,230,243,249,225,249,252,236,242,238,242,253,233,240,246,244,236,236,247,229,235,242,238,226,228,254,229,230,249,227,229,4,29,27,7,29,28,23,3,17,17,26,15,21,20,19,11,9,8,11,23,13,12,7,19,1,3,2,31,5,4,0,27,57,56,51,39,61,60,58,35,49,48,52,47,53,53,51,43,33,33,54,42,45,40,50,46,33,33,62,34,37,35,58,46,80,69,91,90,93,65,87,88,76,80,80,81,72,84,84,80,84,64,66,87,74,68,82,73,71,93,64,65,88,71,69,91,122,121,102,121,125,97,118,123,108,119,119,111,124,116,106,126,106,117,99,106,112,108,105,115,97,99,100,127,109,103,122,111,144,134,147,156,129,151,154,140,150,151,143,147,150,138,159,138,149,141,143,144,139,139,147,137,134,158,132,130,153,129,129,164,190,178,167,181,191,162,189,184,173,179,177,168,180,176,171,169,169,182,170,172,169,178,168,161,189,164,170,184,164,164,166,196,216,218,218,192,222,215,195,213,216,206,210,213,211,202,222,207,213,203,201,203,209,207,205,196,221,197,197,216,205,206,219,241,253,230,254,255,225,250,252,236,245,241,239,241,247,234,242,239,245,239,238,240,232,235,243,228,225,254,224,227,249,227,230,4,28,27,7,24,28,2,30,18,13,22,15,16,18,10,19,12,21,14,14,16,9,12,19,1,1,11,31,5,7,4,27,57,57,62,39,61,56,59,35,49,53,52,47,54,52,62,43,41,33,41,55,45,40,41,51,33,35,43,63,37,33,46,59,89,93,82,71,93,89,94,67,81,86,80,79,85,81,95,75,73,74,79,87,77,72,71,83,65,70,67,95,69,65,67,91,121,123,115,103,125,126,127,99,113,114,123,111,117,124,112,107,106,104,108,119,109,100,106,115,98,96,99,127,102,102,97,123,155,153,158,128,159,158,153,140,147,146,148,136,151,150,147,148,139,138,142,144,140,138,143,156,128,135,128,152,132,133,128,164,184,185,185,160,188,185,182,172,179,182,186,168,180,181,181,180,168,162,171,176,172,168,175,188,160,170,161,184,164,175,167,196,216,220,222,192,223,219,219,204,211,208,213,200,215,211,213,212,200,205,207,208,204,198,202,220,192,196,202,216,196,206,206,228,248,242,243,224,252,248,247,236,240,240,251,232,244,241,240,244,232,237,233,240,239,238,232,252,227,226,226,248,231,230,226,4,27,26,24,0,31,29,23,12,19,17,26,8,23,21,17,20,11,9,12,16,12,8,9,28,0,4,7,24,4,1,6,36,56,60,51,32,63,63,55,44,48,55,50,40,52,63,52,52,43,40,43,48,47,44,42,60,32,43,42,56,36,47,35,68,91,88,89,64,95,95,92,76,83,83,91,72,84,83,81,84,72,72,67,80,76,75,75,92,67,70,65,88,71,71,67,100,123,122,121,96,127,127,127,108,112,123,123,104,119,118,117,116,104,99,99,112,108,103,102,124,96,102,98,120,103,102,97,133,155,146,154,129,156,158,151,141,147,144,145,137,151,147,138,149,136,143,132,145,140,141,135,157,128,135,140,153,132,133,184,165,184,186,181,161,188,187,185,173,176,182,182,169,180,179,169,181,171,163,175,177,175,167,167,189,163,166,172,185,167,162,220,197,219,220,219,193,223,214,208,205,211,218,213,201,215,223,192,213,200,200,206,209,204,203,195,221,192,195,196,217,196,196,254,229,248,248,249,225,252,252,243,237,240,240,242,233,244,245,237,245,235,236,237,241,239,230,227,253,224,224,226,249,228,228,30,5,24,24,20,1,28,26,18,13,19,20,17,9,23,16,15,21,11,12,15,17,12,15,1,29,0,1,12,25,4,5,48,37,56,56,60,33,59,35,55,48,46,58,53,41,52,55,52,40,54,40,45,49,44,39,60,37,38,63,33,35,58,33,90,69,82,94,64,90,90,67,88,86,78,91,92,73,81,84,84,78,78,87,75,76,82,71,70,93,74,67,88,77,65,91,127,125,102,122,124,116,98,126,112,118,110,116,124,105,113,126,116,110,108,119,107,106,114,108,97,125,96,127,97,108,122,101,144,134,152,154,129,155,153,140,151,145,143,144,157,138,150,138,141,150,140,144,136,136,147,133,135,158,133,133,153,131,133,164,188,186,167,185,187,162,187,177,173,182,179,168,180,180,183,180,168,170,171,176,172,174,173,188,160,163,165,184,162,165,187,223,208,198,210,212,193,215,214,204,216,212,207,221,210,202,210,193,213,201,195,208,206,207,211,197,198,222,198,194,217,197,193,228,250,255,231,248,249,226,253,244,237,243,243,247,233,254,242,244,238,235,247,228,234,242,230,227,253,228,235,248,228,225,251,27,5,25,26,0,20,30,3,23,24,14,26,21,9,30,17,20,0,9,23,9,15,18,11,4,29,6,1,24,1,0,27,61,37,56,39,63,33,62,35,56,51,46,58,48,41,49,63,52,32,43,55,42,42,50,45,60,38,37,63,45,38,58,32,89,69,91,90,91,65,87,86,76,80,80,86,72,84,84,85,84,72,72,79,80,72,71,83,69,70,94,65,76,89,68,71,100,127,121,103,122,125,98,121,113,109,119,123,104,112,127,107,109,111,118,110,107,113,109,103,124,96,98,100,120,100,102,96,133,155,155,158,129,151,150,140,144,147,146,136,150,148,139,137,136,141,151,136,139,146,138,128,157,134,135,152,131,135,155,191,165,187,167,184,189,162,187,177,173,176,178,176,169,180,182,173,181,168,170,174,177,172,174,163,189,160,162,164,185,164,166,217,197,219,216,217,193,223,218,211,205,211,214,213,201,215,211,207,213,203,206,207,209,204,205,193,221,195,198,194,217,199,196,255,229,251,254,255,225,255,251,248,237,243,240,245,233,244,247,233,245,235,227,236,241,239,236,226,253,227,231,224,249,231,228,28,5,27,31,30,1,31,27,25,13,16,19,18,9,23,20,1,21,11,8,13,17,12,13,4,29,0,1,0,25,4,7,59,37,56,59,60,33,60,63,49,45,48,55,50,41,52,51,47,53,40,47,40,49,44,43,37,61,32,39,38,57,36,35,91,69,88,95,92,65,92,91,81,77,80,86,80,73,87,80,73,85,72,78,78,81,76,77,68,93,64,70,68,89,71,64,125,101,120,127,116,97,124,123,114,109,112,112,116,105,116,115,111,117,104,104,104,113,108,107,101,125,96,103,99,121,100,103,159,134,153,156,159,130,157,146,148,142,145,151,157,138,149,139,128,150,137,143,139,146,141,131,134,158,129,135,129,154,133,187,188,166,185,191,191,162,189,179,178,174,178,177,181,170,182,173,168,182,170,168,165,178,173,161,166,190,161,166,164,186,165,216,209,198,217,220,212,194,221,210,208,206,210,209,221,202,213,202,203,214,201,204,197,210,205,192,196,222,193,197,197,218,197,249,241,230,250,249,255,226,254,243,243,238,242,247,241,234,246,236,234,246,233,236,236,242,238,233,231,254,225,229,225,250,229,24,26,6,26,24,31,2,29,17,17,14,18,29,28,10,22,1,10,22,10,15,15,18,13,1,6,30,2,7,13,26,6,58,48,38,58,63,59,34,62,53,52,46,50,61,52,42,54,32,42,54,42,37,44,50,46,40,32,62,34,34,38,58,38,80,95,70,90,91,91,66,94,89,81,78,82,93,85,74,86,79,74,86,74,72,72,82,78,69,64,94,66,76,67,90,70,112,126,102,122,116,121,98,126,120,116,110,114,114,115,106,118,110,110,118,106,106,105,114,110,102,100,126,98,98,103,122,102,159,153,135,157,155,158,131,145,151,147,143,150,144,151,139,138,138,138,151,142,143,141,147,130,133,139,159,134,129,142,155,186,187,178,167,190,191,185,163,178,178,180,175,188,188,170,180,170,181,173,183,173,164,178,173,169,189,161,191,165,185,165,166,196,216,217,199,222,216,194,222,217,205,208,214,200,215,202,223,192,213,204,195,208,202,206,211,200,198,222,196,192,217,206,194,228,241,253,231,250,250,226,248,245,237,244,246,232,252,242,235,238,236,246,227,228,241,230,231,252,230,230,255,226,224,250,224,26,5,28,30,0,28,30,28,12,16,19,26,8,20,20,22,20,8,11,12,16,8,15,19,6,2,30,0,6,25,3,0,36,63,57,39,61,60,54,35,56,48,46,59,51,41,55,53,42,53,43,41,47,49,47,45,32,61,35,33,37,57,39,39,90,69,91,91,95,65,95,95,80,77,83,83,85,73,95,95,84,64,67,87,69,75,82,70,71,93,71,68,88,65,64,91,123,126,102,126,123,97,119,119,108,112,112,112,104,116,118,117,116,104,104,106,112,104,114,108,96,125,103,100,120,99,101,123,152,146,135,157,148,130,158,150,141,147,148,136,150,150,139,139,136,150,137,132,145,140,134,156,136,135,159,140,128,154,142,186,165,191,185,160,185,186,163,183,173,182,175,177,169,180,171,175,169,182,172,164,177,168,166,188,166,190,160,160,185,165,175,196,218,216,199,223,223,194,222,209,205,218,207,221,201,211,211,212,200,200,200,208,204,204,204,220,192,195,203,216,196,199,194,228,248,248,252,224,249,246,227,241,241,242,239,245,244,255,235,225,235,246,234,237,232,242,238,225,224,254,226,229,227,250,230,26,31,6,26,28,27,2,26,23,13,23,26,8,22,31,11,15,14,22,10,12,10,18,14,1,2,30,2,5,12,26,14,63,37,59,58,61,33,63,63,57,45,51,51,50,41,53,51,52,32,35,55,45,44,47,51,33,35,38,63,39,39,58,35,91,69,91,93,95,65,95,86,80,77,83,91,87,73,87,82,76,85,75,73,68,81,79,74,71,93,67,71,77,89,71,68,121,101,120,121,124,97,124,126,116,109,112,119,117,105,116,115,111,117,104,106,100,113,108,110,105,125,96,98,98,121,100,102,158,134,154,152,154,130,158,148,147,142,146,146,146,138,150,139,129,150,138,136,137,146,142,132,128,158,130,135,134,154,134,188,190,166,186,181,191,162,190,183,179,174,178,183,180,170,182,173,160,182,170,175,175,178,174,164,163,190,162,161,161,186,166,208,222,198,218,212,222,194,222,215,216,206,210,220,220,202,214,206,201,214,202,202,204,210,205,196,194,222,193,199,194,218,197,252,248,230,250,255,244,226,254,245,244,238,242,252,244,234,246,239,239,246,233,232,233,242,238,232,224,254,226,236,236,250,230,31,29,6,25,31,21,2,29,20,22,14,17,23,23,10,21,10,0,22,9,8,14,18,13,5,0,30,1,7,6,26,5,56,61,38,58,53,59,34,61,51,56,46,49,55,51,42,53,43,46,54,41,47,41,50,46,41,33,62,34,34,36,58,38,91,81,70,89,93,90,66,94,89,86,78,81,85,93,74,85,72,65,86,74,69,79,82,78,69,70,94,65,70,65,90,69,120,113,102,121,124,121,98,125,113,121,110,113,117,117,106,117,104,104,118,106,105,105,114,110,99,101,126,98,97,103,122,101,155,153,135,158,156,156,131,145,152,154,143,150,149,151,139,137,128,136,151,141,138,139,147,129,135,139,159,133,130,133,155,185,190,187,167,189,185,188,163,177,181,177,175,181,177,182,171,169,173,171,183,173,164,166,179,161,168,164,191,166,165,165,187,218,217,218,199,222,216,222,195,209,217,209,207,214,215,210,203,202,204,200,215,206,206,206,211,194,196,199,223,198,193,195,219,249,254,253,231,253,251,253,227,241,248,243,239,246,244,245,235,234,237,233,247,238,238,237,243,226,226,235,255,230,225,239,251,26,29,29,7,30,31,23,3,18,19,20,15,21,18,22,11,10,10,15,23,14,14,15,19,2,5,6,31,5,3,14,27,57,63,57,39,62,60,54,35,50,50,54,47,54,49,50,43,42,45,35,55,45,36,38,51,34,34,38,63,38,38,34,59,90,90,92,71,94,90,66,87,86,77,91,81,72,84,84,80,84,72,72,74,80,69,78,83,72,64,94,74,64,89,79,66,100,113,102,121,124,97,127,123,108,115,113,111,118,124,106,127,111,117,111,104,112,108,106,115,99,97,126,99,120,99,96,123,144,158,135,154,153,130,154,146,141,150,145,136,147,138,150,148,128,143,151,138,133,146,138,156,128,129,159,135,133,154,134,186,191,166,186,188,191,162,190,178,177,174,178,181,178,170,190,160,181,171,169,171,177,175,174,162,189,171,164,184,164,167,163,196,216,216,220,192,220,222,219,204,208,210,218,200,212,215,210,212,193,204,215,196,207,210,206,194,192,222,194,196,199,218,198,248,250,230,250,252,253,226,251,249,237,246,240,232,240,243,235,236,237,246,232,234,241,231,233,252,224,225,255,224,224,250,227,30,5,25,24,0,25,26,3,21,25,14,16,28,9,16,16,20,1,3,23,4,13,18,6,7,29,4,7,24,13,4,27,49,61,38,61,58,33,57,55,44,56,54,47,51,61,42,63,32,53,34,47,48,37,38,51,38,36,62,33,33,57,36,32,68,94,70,89,93,65,90,95,76,85,82,79,87,73,86,75,73,85,75,79,80,68,79,83,70,72,94,75,77,89,65,71,100,126,114,103,122,97,127,125,117,109,115,114,113,105,119,118,105,117,99,109,112,104,109,115,100,102,126,102,101,121,99,103,133,156,157,128,156,158,154,140,144,144,149,136,148,148,148,148,136,139,139,144,136,134,147,129,128,128,159,133,135,131,155,177,191,166,184,180,161,182,187,172,176,176,182,168,180,183,191,180,168,171,163,176,172,174,173,188,160,162,170,184,166,163,187,219,197,223,199,216,217,194,219,213,205,214,209,200,209,213,203,201,203,206,215,197,203,210,206,195,193,222,194,193,192,218,198,252,252,230,249,253,244,226,254,248,241,238,242,241,243,234,246,237,225,246,234,239,238,242,237,226,227,254,226,237,225,250,229,26,25,6,26,20,25,2,30,20,25,14,18,16,23,10,22,12,0,22,9,13,8,18,14,6,1,30,2,7,3,26,6,59,49,38,58,56,56,34,61,48,53,46,50,50,49,42,54,44,42,54,42,40,36,50,46,35,37,62,34,32,39,58,38,90,80,70,90,91,88,66,94,83,85,78,82,87,93,74,86,75,64,86,74,79,77,82,77,65,72,94,65,70,68,90,69,124,125,102,121,120,120,98,125,116,115,110,113,112,118,106,118,110,109,118,106,100,105,114,110,103,97,126,98,99,108,122,102,145,159,135,158,153,157,131,145,149,144,143,149,156,150,139,137,143,138,151,141,138,141,147,129,133,139,159,133,130,130,155,185,176,186,167,189,187,190,163,178,179,180,175,182,176,178,171,170,171,174,183,174,169,173,179,162,164,163,191,165,172,162,187,217,208,210,199,222,222,217,195,210,210,214,207,214,214,211,203,202,202,200,215,205,197,199,211,194,195,193,223,197,204,195,219,250,248,252,231,254,253,246,227,241,244,244,239,246,246,247,235,234,232,233,247,238,237,239,243,226,225,224,255,230,224,228,251,26,24,27,7,30,29,23,3,18,16,17,15,22,21,23,11,9,10,3,23,13,8,13,19,1,4,7,31,5,6,3,27,58,58,59,39,62,61,60,35,50,49,52,47,54,53,50,43,42,40,42,55,45,41,40,51,33,35,42,63,38,37,39,59,90,91,88,71,93,84,90,67,81,88,91,79,86,81,95,75,74,74,67,87,78,78,75,83,65,72,66,95,69,67,65,91,121,113,126,103,125,117,127,99,113,119,112,111,117,124,119,107,105,110,108,119,109,107,109,115,97,102,99,127,101,98,102,123,152,146,154,128,156,154,155,140,144,150,151,136,148,158,144,148,136,130,143,144,140,134,138,156,128,132,133,152,135,130,132,164,187,185,188,160,191,186,190,172,179,177,187,168,183,181,183,180,168,173,175,176,175,175,172,188,163,161,166,184,167,162,160,196,219,222,211,192,223,220,221,204,211,215,215,200,215,210,222,212,203,201,202,208,207,204,201,220,192,202,223,199,199,218,192,228,248,243,231,254,244,226,252,236,240,238,240,245,233,247,244,244,235,239,247,237,228,242,237,229,253,224,255,236,237,250,225,16,5,29,27,0,21,24,3,17,17,23,15,21,20,23,11,14,15,22,13,11,17,8,11,28,7,7,31,6,3,26,1,36,59,62,39,61,33,63,58,44,55,59,47,50,53,42,54,42,53,46,45,48,46,43,51,39,61,33,32,56,38,36,59,94,89,70,94,85,65,91,93,76,83,91,79,80,93,74,83,64,85,79,75,80,73,78,83,65,65,70,95,69,71,70,91,121,121,122,103,125,125,124,99,116,109,118,112,104,113,119,107,108,108,118,111,101,113,111,110,101,125,99,98,101,121,98,103,133,156,154,128,158,155,131,147,147,142,145,144,137,151,149,148,136,138,151,133,138,146,137,156,131,133,159,134,133,154,130,164,186,186,167,189,180,162,191,172,179,182,175,177,180,170,178,171,181,168,163,176,175,167,179,162,167,190,161,163,185,161,161,196,209,218,199,212,223,194,216,213,205,212,214,200,212,215,203,201,200,206,215,202,203,210,199,194,221,196,203,216,195,194,219,241,248,230,250,254,225,255,249,236,240,242,239,243,242,234,254,232,245,237,233,240,236,236,236,252,224,227,231,248,231,227,251,27,24,6,30,28,1,27,30,12,21,26,15,16,28,10,22,8,15,22,10,13,5,18,14,0,5,30,2,5,6,26,6,58,62,38,62,63,33,56,57,44,57,50,47,53,53,50,43,33,32,54,34,43,49,47,45,37,61,33,39,56,35,36,59,91,91,70,94,93,65,93,67,85,77,83,79,83,73,82,85,84,77,73,87,72,77,82,75,65,93,67,70,64,89,71,66,122,101,123,126,125,97,127,123,120,109,115,118,124,105,116,118,105,117,107,104,109,113,111,108,98,125,99,102,98,121,103,100,144,134,154,152,148,130,158,147,150,142,146,145,149,138,150,141,129,150,137,141,139,146,142,137,135,158,130,141,141,154,134,191,189,166,186,191,181,162,190,181,177,174,178,177,181,170,182,171,169,182,170,168,175,178,174,163,161,190,162,167,172,186,166,209,218,198,218,223,221,194,222,211,215,206,210,209,210,202,214,193,204,214,201,204,207,210,206,200,200,222,194,195,204,218,198,255,252,230,250,250,253,226,254,245,242,238,242,243,252,234,246,239,238,246,234,228,236,242,238,232,232,254,225,225,231,250,229,28,31,6,25,28,20,2,29,17,20,14,17,17,21,10,21,13,8,22,9,8,5,18,13,4,8,30,2,12,4,26,6,63,49,38,58,58,59,34,62,55,54,46,50,51,52,42,54,32,42,54,42,43,47,50,46,38,37,62,33,38,33,58,38,93,95,70,90,90,88,66,94,88,82,78,82,83,80,74,85,75,76,86,73,72,72,82,77,67,66,94,65,70,66,90,69,124,122,102,121,126,124,98,125,113,119,110,114,118,125,106,118,109,110,118,105,110,111,114,109,97,99,126,97,100,100,122,102,156,155,135,157,153,159,131,145,149,151,143,149,144,146,139,137,138,131,151,141,137,134,147,129,132,129,159,133,128,134,155,185,186,179,167,189,190,188,163,177,180,179,175,181,177,176,171,169,170,162,183,173,170,173,179,161,166,163,191,165,161,164,187,217,221,217,199,221,217,222,195,209,213,211,207,214,212,209,203,202,203,200,215,206,205,204,211,194,195,195,223,198,192,195,219,250,251,253,231,254,249,246,227,242,245,242,239,245,253,254,235,233,224,239,247,238,232,235,243,226,227,228,255,230,225,225,251,26,26,31,7,30,25,27,3,18,21,16,15,22,17,18,11,9,1,13,23,13,11,11,19,1,9,7,31,6,4,7,27,57,48,63,39,62,62,57,35,50,50,48,47,53,50,48,43,41,46,41,55,46,46,38,51,34,35,42,63,38,33,47,59,89,95,93,71,93,85,86,67,81,87,83,79,85,82,86,75,73,65,77,87,77,75,74,83,65,71,75,95,67,68,90,79,112,101,114,126,96,123,123,99,118,116,110,123,125,105,119,117,108,117,107,106,106,113,103,106,124,104,96,127,109,102,122,110,153,134,147,128,156,157,131,146,150,142,146,156,137,151,147,148,136,140,151,133,145,137,147,135,134,158,128,128,153,134,155,185,186,166,191,160,188,191,163,179,176,174,182,168,182,182,171,174,181,171,168,176,175,178,172,167,189,167,160,184,160,175,187,219,218,198,216,217,193,218,214,204,210,215,207,209,220,202,211,193,213,204,200,208,206,200,211,193,195,192,223,197,197,196,219,249,251,250,231,253,253,250,227,247,244,238,244,243,233,247,247,232,245,235,235,237,241,231,231,252,232,235,255,225,228,250,226,26,5,30,31,0,24,23,3,19,22,14,22,19,9,21,31,20,13,12,23,13,13,12,19,2,8,30,11,7,25,1,14,36,63,62,39,62,60,34,62,53,45,51,58,40,52,62,43,32,44,54,35,43,49,41,41,60,40,39,63,44,39,58,32,90,69,83,94,64,95,92,67,89,85,78,85,81,73,94,75,73,72,79,87,77,77,73,83,65,65,64,95,66,64,90,78,127,101,114,114,96,124,126,119,108,118,119,111,117,119,118,107,111,105,118,99,112,110,102,115,99,101,126,106,120,96,98,123,156,159,135,153,159,130,158,144,147,142,146,148,150,138,150,137,138,150,138,140,141,146,142,130,129,158,130,132,131,154,134,185,188,166,186,190,188,162,186,177,173,187,177,168,180,183,177,180,168,171,163,176,172,174,166,188,162,170,191,161,173,186,164,222,197,220,223,192,220,222,215,204,208,211,219,200,212,214,222,212,205,205,215,203,207,210,198,198,221,203,203,216,196,196,198,228,250,252,231,251,251,226,254,240,242,238,242,246,240,234,246,237,225,246,234,233,237,242,238,229,226,254,226,226,227,250,230,29,24,6,26,25,21,2,30,21,18,14,18,16,18,10,22,12,12,22,10,8,10,18,14,5,3,30,1,0,5,26,5,60,57,38,57,61,52,34,61,49,55,46,49,53,50,42,54,33,33,54,42,40,37,50,46,36,36,62,34,39,32,58,38,93,89,70,90,95,85,66,94,84,89,78,82,80,84,74,86,75,64,86,74,69,78,82,78,72,69,94,66,71,67,90,70,124,127,102,122,121,116,98,126,120,118,110,114,118,125,106,118,111,107,118,106,107,101,114,109,100,101,126,97,103,103,122,101,157,152,135,158,159,152,131,146,147,155,143,150,151,150,139,138,136,136,151,142,136,139,147,130,132,128,159,134,128,133,155,186,188,186,167,189,187,182,163,177,182,177,175,181,189,177,171,169,174,162,183,173,170,170,179,161,166,164,191,165,163,175,187,217,223,221,199,222,222,217,195,209,213,218,207,213,211,210,203,201,193,200,215,205,197,201,211,193,197,193,223,197,195,196,219,249,255,252,231,253,251,250,227,241,249,244,239,246,240,246,235,233,236,234,247,237,238,230,243,225,229,234,255,230,225,224,251,26,27,27,7,30,31,29,3,18,19,17,15,21,28,19,11,9,13,11,23,13,9,11,19,2,0,10,31,6,5,1,27,58,56,57,39,62,60,58,35,50,50,54,47,54,48,50,43,42,43,34,55,45,41,45,51,33,37,42,63,37,38,33,59,89,90,90,71,93,89,89,67,81,85,82,79,85,87,95,75,73,76,76,87,77,72,74,83,65,68,65,95,69,70,68,91,121,127,125,103,125,123,127,99,113,114,116,111,117,118,113,107,105,97,104,119,109,101,109,115,98,98,99,127,102,103,98,123,155,158,155,128,159,157,158,140,147,150,154,136,151,148,158,148,139,142,137,144,143,139,143,156,128,133,139,152,135,134,134,164,187,191,190,160,191,188,184,172,179,177,181,168,183,182,181,180,171,174,169,176,175,170,170,188,163,161,166,184,167,165,175,196,219,217,218,192,223,223,218,204,211,214,209,200,215,212,211,212,203,200,207,208,207,203,205,220,195,199,193,216,199,197,193,228,251,254,243,224,255,253,247,236,243,241,243,232,247,245,243,244,232,238,247,228,233,242,232,226,253,234,225,248,227,224,251,25,27,31,7,29,31,29,3,25,21,14,26,17,9,31,21,20,0,9,23,5,17,15,11,28,3,4,31,5,6,26,6,61,37,59,50,32,53,34,63,44,54,52,47,49,52,42,54,52,40,35,55,45,44,50,46,60,35,38,63,35,34,58,47,95,69,93,94,64,92,90,67,82,86,78,86,81,73,83,95,84,77,67,87,68,69,82,71,72,93,67,66,65,89,71,70,122,101,123,122,127,97,127,125,118,109,118,119,104,113,119,107,110,106,118,111,106,113,107,111,124,101,102,127,97,102,122,100,156,134,154,156,152,130,156,144,141,147,145,136,145,146,139,139,128,150,136,139,145,139,136,156,128,131,131,152,132,135,131,164,184,186,179,160,188,188,184,172,182,179,175,178,176,170,177,161,181,172,172,176,175,172,179,162,162,190,161,164,185,164,166,196,208,222,199,213,223,194,215,211,205,218,211,200,221,212,203,203,200,214,204,206,209,198,199,220,199,196,223,195,204,218,198,250,251,230,243,250,225,247,251,236,246,238,241,241,233,243,235,233,233,237,247,235,234,242,231,227,253,234,230,248,226,239,251,30,28,6,28,21,1,25,29,12,21,14,21,29,9,17,16,20,0,14,23,10,15,18,10,3,29,4,7,24,4,7,5,36,56,58,61,32,60,62,60,44,57,48,47,53,55,48,43,41,41,40,55,42,44,50,42,35,61,35,37,56,36,32,59,93,80,70,94,90,65,91,88,76,82,90,79,85,84,83,75,65,78,86,74,78,72,82,78,65,73,94,69,65,89,71,70,121,101,123,121,125,97,125,125,108,120,112,111,117,117,119,107,105,104,99,119,109,108,111,115,100,98,126,102,103,121,98,102,133,155,157,159,129,159,152,153,141,147,150,147,137,151,146,138,149,139,130,142,145,140,141,129,157,131,134,140,153,135,131,176,165,187,184,187,161,188,190,181,173,176,179,176,169,180,182,169,181,171,162,168,177,172,174,165,189,160,162,162,185,164,167,217,197,216,219,222,193,223,214,217,205,208,210,214,201,212,215,201,213,203,194,200,209,204,207,200,221,192,195,204,217,196,199,248,229,248,249,251,225,252,253,249,237,240,243,240,233,244,247,237,245,232,235,238,241,236,239,227,253,227,230,226,249,231,227,24,5,27,28,24,1,31,25,19,13,19,22,20,9,23,31,14,21,11,12,12,17,12,10,3,29,3,1,12,25,7,14,56,37,59,60,63,33,63,55,50,45,51,53,60,41,55,63,40,53,43,35,45,49,47,39,33,61,32,39,44,57,36,37,80,69,88,88,92,65,95,91,86,77,83,81,92,73,87,80,74,85,75,76,73,81,76,75,65,93,64,64,76,89,71,64,125,101,123,124,125,97,127,119,116,109,112,113,124,105,116,114,107,117,104,105,100,113,108,106,96,125,96,97,108,121,100,100,154,134,154,159,153,130,158,149,148,142,146,144,157,138,150,139,138,150,138,137,139,146,142,131,132,158,130,129,131,154,134,188,188,166,186,184,191,162,190,181,177,174,178,179,178,170,182,160,170,182,170,169,169,178,174,165,164,190,162,161,167,186,166,221,218,198,217,221,221,194,222,217,213,206,209,214,213,202,213,200,192,214,201,206,201,210,205,192,197,222,193,197,195,218,198,252,250,230,249,249,249,226,254,249,244,238,241,244,240,234,245,232,239,246,233,236,234,242,238,233,228,254,226,237,236,250,230,17,30,6,25,24,31,2,29,20,19,14,17,23,21,10,22,1,10,22,9,8,10,18,13,3,4,30,1,6,13,26,6,63,62,38,58,58,62,34,62,57,48,46,50,61,53,42,54,40,32,54,46,48,43,45,51,41,61,35,43,35,57,39,36,81,69,91,95,93,65,95,89,84,77,83,85,81,73,87,81,74,85,75,77,79,81,76,75,68,93,64,65,76,89,68,67,126,101,120,126,125,97,124,127,118,109,112,113,114,105,116,115,106,117,107,109,105,113,108,111,102,125,96,96,100,121,100,98,133,154,135,148,152,130,152,153,141,154,144,136,144,149,139,139,136,150,138,141,145,143,135,156,137,128,159,129,140,154,133,185,165,184,186,160,188,188,163,184,182,174,176,183,169,190,171,169,175,182,170,175,177,173,179,161,165,190,162,164,172,186,166,216,222,198,220,212,193,217,214,204,214,212,207,211,210,202,212,200,213,203,207,208,204,200,211,194,200,222,193,196,217,195,193,228,253,254,231,253,255,253,227,246,237,247,247,232,241,246,235,235,238,246,234,239,241,235,235,252,226,234,255,225,227,250,230,26,27,6,26,28,31,2,30,18,17,14,18,20,17,10,22,10,15,22,12,8,17,9,7,28,0,2,2,24,12,14,27,49,48,38,50,58,33,59,60,44,53,49,47,49,48,42,50,46,53,43,46,48,46,41,51,37,32,62,34,36,39,58,37,81,69,82,88,64,90,87,67,86,85,78,81,85,73,87,82,84,72,67,87,77,69,82,78,73,93,71,66,88,64,69,91,122,113,102,121,117,97,124,121,108,115,117,111,115,115,106,126,106,117,99,111,112,101,109,115,97,97,96,127,99,97,122,110,153,134,154,159,129,151,151,140,151,150,143,147,146,138,145,128,149,141,142,144,132,139,147,134,136,158,138,128,153,129,135,164,190,189,167,180,184,162,190,178,177,174,178,182,181,170,182,170,171,182,162,170,177,173,173,188,165,170,191,160,161,186,161,218,197,211,217,192,220,223,218,204,208,211,208,200,212,215,208,212,200,202,206,208,201,205,211,197,196,222,202,194,217,199,198,255,229,251,251,251,225,255,255,244,237,250,243,232,243,254,235,238,239,246,239,237,241,232,238,252,231,225,255,231,231,250,227,29,5,31,28,0,24,23,3,19,23,14,23,21,9,23,30,15,21,11,2,5,17,12,13,1,29,0,7,12,25,4,3,48,37,56,58,61,33,60,63,56,45,48,51,61,41,52,53,42,53,43,40,37,49,47,42,35,61,35,32,39,57,39,35,90,69,91,83,89,65,95,90,81,77,83,81,93,73,84,87,72,85,75,76,69,81,79,77,73,93,67,70,67,89,71,66,120,101,123,125,124,97,127,123,115,109,115,119,117,105,119,117,97,117,107,110,107,113,108,109,99,125,96,99,97,121,100,102,156,134,153,156,158,130,158,151,144,142,146,151,145,138,150,128,143,150,138,132,137,146,142,134,135,158,129,135,133,154,133,189,187,166,186,180,188,162,190,182,179,174,178,189,181,170,182,175,160,182,170,168,172,178,174,165,164,190,162,161,172,186,165,220,219,198,217,223,222,194,221,211,214,206,209,215,211,202,213,203,205,214,201,207,204,210,205,196,199,222,193,192,197,218,197,252,254,230,249,255,244,226,253,242,245,238,241,240,246,234,245,237,232,246,233,233,237,242,237,226,232,254,226,237,231,250,230,17,27,6,25,31,24,2,29,19,19,14,17,23,22,10,22,13,9,22,10,5,8,18,13,0,8,30,1,4,0,26,6,49,49,38,57,56,60,34,61,50,50,46,49,52,52,42,54,44,45,54,41,47,36,50,45,32,41,62,33,38,37,58,37,89,94,70,89,94,95,66,93,80,89,78,81,85,81,74,85,72,75,86,74,69,72,82,78,73,66,94,65,69,64,90,69,122,124,102,121,124,121,98,125,112,117,110,113,116,115,106,117,106,105,118,106,105,107,114,110,100,97,126,98,96,97,122,102,154,146,135,158,158,156,131,145,152,155,143,149,156,145,139,138,141,131,151,142,143,135,147,129,135,133,159,133,141,129,155,186,189,190,167,190,191,187,163,178,180,183,175,182,176,180,171,170,169,174,183,174,172,168,179,162,163,160,191,165,173,167,187,217,223,210,199,221,218,218,195,209,214,209,207,213,221,215,203,201,207,204,215,205,197,207,211,193,198,197,223,197,194,192,219,249,254,254,231,253,251,253,227,241,246,250,239,245,253,246,235,233,225,237,247,237,235,232,243,225,227,235,255,229,230,227,251,25,30,26,7,29,26,31,3,17,23,26,15,21,19,31,11,11,21,11,12,16,12,13,19,6,29,6,10,24,6,7,27,49,37,50,59,32,59,63,35,49,56,46,50,49,41,53,55,52,42,42,55,45,45,50,43,34,61,35,38,56,39,47,59,89,69,95,88,64,92,95,67,82,86,78,86,72,84,85,75,79,65,86,67,78,81,73,73,92,72,65,95,69,69,69,91,113,126,102,124,126,97,121,124,108,112,115,123,104,116,119,126,116,106,104,119,104,101,114,107,98,125,97,106,120,100,110,123,159,152,135,159,149,130,158,145,146,142,146,150,137,144,151,148,141,138,151,138,143,146,138,132,157,134,134,152,132,134,133,164,184,184,185,160,188,190,191,172,178,183,175,176,189,170,180,172,181,174,174,176,174,168,179,166,166,190,165,173,185,167,167,208,197,219,219,213,193,223,223,214,205,211,211,211,201,213,209,212,202,194,215,196,200,210,199,198,221,202,203,216,199,199,219,255,249,230,243,253,225,255,254,245,237,251,247,232,242,240,235,224,232,246,227,229,241,233,230,252,227,228,255,226,249,228,227,4,24,27,25,0,26,28,3,24,21,14,27,20,9,16,31,20,14,12,23,10,9,18,9,9,29,3,6,24,3,2,27,63,61,38,50,61,33,59,35,56,45,51,49,50,41,63,48,52,40,42,45,48,44,44,46,60,32,34,34,56,36,36,37,68,88,91,89,64,84,88,67,84,88,78,86,83,73,84,95,84,75,74,87,74,78,82,73,64,93,68,66,88,64,78,91,121,120,123,103,125,127,124,99,121,113,110,114,116,112,106,118,105,110,118,106,108,107,114,102,102,125,99,98,102,121,98,98,133,156,156,128,156,159,159,140,144,144,151,136,156,145,139,137,137,143,151,141,143,137,147,136,137,158,130,132,131,154,134,184,177,166,178,186,161,191,188,177,173,179,176,182,169,180,182,170,181,168,171,172,177,172,174,160,189,163,165,162,185,167,175,216,197,219,222,222,193,223,219,215,205,208,211,221,201,215,211,206,213,203,206,206,209,207,203,193,221,192,194,197,217,196,199,248,229,248,250,255,225,255,246,248,237,240,242,240,233,244,246,234,245,232,235,232,241,236,236,233,253,224,224,231,249,231,238,26,5,27,18,31,1,28,31,22,13,16,19,19,9,23,18,10,21,11,15,15,17,15,9,9,29,3,0,6,25,7,2,60,37,59,56,57,33,63,56,57,45,51,53,49,41,52,50,40,53,43,40,47,49,47,40,41,61,35,37,37,57,39,47,89,69,91,82,93,65,95,88,80,77,80,86,81,73,84,85,77,85,72,78,79,81,79,72,68,93,67,74,68,89,71,65,120,101,123,124,127,97,127,124,114,109,115,117,124,105,119,127,96,117,104,107,108,113,108,111,96,125,96,97,99,121,100,101,157,134,153,158,152,130,157,147,153,142,146,156,146,138,150,142,128,150,138,132,140,146,142,137,129,158,130,135,130,154,134,190,190,166,186,187,186,162,190,181,179,174,177,182,178,170,181,168,160,182,169,172,168,178,174,169,169,190,161,166,173,186,166,209,221,198,217,220,213,194,221,208,215,206,209,212,210,202,213,201,206,214,201,205,202,210,206,197,197,222,194,199,193,218,198,253,251,230,249,252,248,226,253,241,243,238,241,245,245,234,246,225,234,246,234,234,229,242,238,230,233,254,226,231,228,250,230,26,17,6,26,30,20,2,30,20,19,14,17,21,28,10,21,8,8,22,9,13,14,18,13,2,3,30,1,7,6,26,6,49,48,38,57,60,52,34,62,56,53,46,49,52,48,42,53,42,40,54,41,41,44,50,45,36,39,62,33,32,35,58,37,91,91,70,90,91,90,66,94,86,82,78,82,93,84,74,86,79,77,86,74,72,73,82,78,68,69,94,66,65,69,90,70,124,127,102,122,120,117,98,126,116,113,110,114,114,114,106,118,110,109,118,106,106,104,114,110,102,99,126,97,102,96,122,101,157,159,135,158,153,155,131,146,148,146,143,150,151,146,139,138,139,140,151,141,139,141,147,129,136,139,159,134,135,142,155,186,188,185,167,190,184,190,163,177,185,174,182,176,169,182,171,174,181,173,183,175,172,178,172,161,189,165,170,184,163,166,187,217,223,198,217,220,193,220,218,204,208,212,207,210,211,202,210,192,213,195,215,197,209,207,207,220,193,222,194,216,199,197,219,255,251,230,252,224,255,249,227,241,237,243,246,232,247,243,235,235,245,238,247,234,241,232,234,252,224,224,228,248,236,230,251,17,29,6,26,29,26,2,30,17,21,14,18,21,16,10,22,9,11,22,10,13,14,18,14,2,7,30,2,6,2,26,6,58,61,38,62,62,33,56,63,44,48,48,48,40,49,50,43,46,41,54,45,46,49,43,46,60,39,62,39,38,57,35,47,68,88,90,82,64,95,94,67,83,87,78,86,80,73,83,94,84,72,74,67,80,76,79,77,92,64,67,74,88,68,70,64,100,122,102,122,126,97,127,126,113,109,112,112,104,115,114,107,97,106,118,99,107,113,103,108,124,103,99,127,97,108,122,100,153,134,152,157,129,156,151,140,147,155,143,150,147,138,149,143,149,136,143,144,143,139,147,134,157,133,159,128,153,131,155,176,191,166,188,188,161,182,183,172,185,183,175,181,181,190,171,174,173,182,163,168,177,173,179,161,163,164,191,163,173,186,175,216,197,211,216,192,213,219,195,209,211,210,207,213,215,214,203,201,203,200,215,197,203,210,204,194,221,198,203,216,193,194,219,254,251,230,242,254,225,255,254,245,237,243,242,247,233,247,246,239,245,235,235,233,241,234,236,252,228,231,255,237,227,250,230,25,30,6,26,28,26,2,30,16,21,14,27,20,9,16,31,20,15,12,23,8,12,18,9,2,29,1,6,24,3,6,27,59,58,38,62,58,33,56,61,44,55,51,47,55,55,42,53,45,40,54,41,41,46,50,45,33,35,62,33,37,38,58,37,89,89,70,89,93,92,66,93,80,89,78,81,84,92,74,85,74,75,86,73,78,78,82,77,66,65,94,65,70,68,90,69,121,113,102,121,125,116,98,126,116,113,110,114,113,115,106,118,109,97,118,106,104,106,114,110,102,103,126,98,103,109,122,102,156,158,135,158,157,155,131,145,153,146,143,149,150,148,139,137,140,138,151,141,136,139,147,130,129,134,159,134,133,142,155,186,185,184,167,190,189,191,163,177,183,187,175,181,182,190,171,169,161,171,183,173,170,166,179,161,167,165,191,165,163,160,187,218,221,216,199,221,217,214,195,209,215,208,207,213,210,208,203,201,206,204,215,205,202,207,211,193,201,199,223,197,205,195,219,252,251,230,253,244,225,248,251,236,249,245,239,246,247,254,235,234,233,232,247,238,237,232,243,226,227,235,255,230,231,224,251,26,27,29,7,30,31,26,3,18,19,23,15,22,22,30,11,10,10,3,23,14,14,8,19,2,2,5,31,6,6,2,27,58,58,63,39,62,62,60,35,49,56,50,47,54,52,51,43,42,43,40,55,45,36,44,51,33,36,37,63,37,38,38,59,89,92,93,71,93,94,95,67,81,84,80,79,85,82,95,75,73,65,75,87,77,72,72,83,65,68,69,95,69,64,66,91,121,124,127,103,125,120,124,99,113,116,113,111,117,118,114,107,105,106,111,119,109,110,108,115,97,98,97,127,101,102,102,123,152,153,154,128,159,159,158,140,144,155,151,136,151,148,151,148,139,138,137,144,143,142,142,156,128,139,134,152,135,133,128,164,187,184,185,160,188,183,188,172,176,182,180,168,183,183,183,180,171,174,169,176,175,173,174,188,163,160,166,184,167,164,163,196,219,223,217,192,223,221,220,204,208,218,214,200,212,222,212,212,200,206,205,208,204,203,207,220,192,202,202,216,196,206,193,228,248,242,252,224,252,246,251,236,240,250,246,232,244,240,241,244,232,236,236,240,236,232,235,252,224,228,230,248,228,224,229,4,24,28,24,0,28,24,31,12,19,16,23,8,23,21,16,20,11,9,13,16,15,13,12,28,3,7,7,24,7,2,14,36,59,58,63,32,63,59,63,44,51,49,49,40,55,51,43,40,53,43,45,48,47,44,51,40,34,62,36,35,57,46,38,68,88,90,71,93,94,66,86,76,83,86,79,85,84,95,75,73,72,73,87,68,69,82,71,73,93,69,67,88,66,71,91,126,113,102,125,117,97,120,121,108,119,117,111,114,113,106,113,109,117,109,99,112,106,103,115,97,97,126,103,120,97,122,101,133,152,156,128,156,130,154,145,141,151,146,136,148,151,145,148,136,138,143,144,140,143,139,156,130,139,159,135,129,154,132,190,165,191,178,160,181,188,163,184,183,174,178,182,176,170,182,170,171,182,170,174,174,178,174,162,161,190,162,166,164,186,166,216,219,198,218,220,222,194,222,208,209,206,208,214,201,210,209,212,205,194,215,207,202,210,200,198,221,196,203,216,196,199,198,228,248,250,243,224,252,254,246,236,240,242,245,232,244,246,240,244,232,234,239,240,236,238,234,252,227,224,255,230,230,250,229,24,5,24,26,0,28,22,3,23,16,14,27,17,9,17,20,20,14,14,23,13,15,11,19,8,2,30,5,13,25,4,7,36,56,59,58,32,52,61,35,54,52,46,59,54,41,55,55,40,53,45,46,48,42,45,51,39,38,62,43,37,57,39,46,68,88,70,90,85,65,95,90,76,80,83,82,72,83,80,75,79,73,86,77,68,81,71,79,92,67,68,95,65,67,90,70,121,122,102,122,124,127,98,126,114,115,110,114,118,114,106,113,109,117,98,108,112,101,109,115,101,101,126,103,97,121,98,102,133,158,155,128,152,154,131,148,144,142,151,145,137,146,147,148,141,136,151,137,142,146,139,137,157,134,139,152,129,133,155,185,189,166,186,188,161,189,188,172,181,180,175,176,178,170,179,172,181,174,174,176,169,172,179,164,162,190,167,164,185,162,166,196,219,219,223,192,223,223,218,204,211,211,209,200,212,212,222,212,200,207,202,208,204,205,198,220,192,193,193,216,196,193,206,228,248,254,254,224,252,253,250,236,243,243,243,232,244,240,254,244,232,239,226,240,236,237,238,252,224,230,227,248,231,231,224,4,27,27,18,0,28,23,22,12,16,27,27,8,20,17,31,20,8,14,15,16,12,10,15,28,0,6,1,24,4,5,3,36,59,58,61,32,60,56,59,44,48,49,52,40,52,50,63,52,43,44,55,45,44,40,51,33,32,32,63,37,37,33,59,91,81,70,92,94,65,89,88,76,88,82,79,86,81,86,75,74,75,72,87,78,76,70,83,66,69,67,95,70,64,66,91,122,124,127,103,126,120,124,99,114,116,113,111,118,112,118,107,106,108,107,119,110,105,102,115,97,105,106,127,101,99,110,123,152,156,152,128,159,158,158,140,147,146,148,136,151,148,145,148,139,136,140,144,143,140,139,156,131,128,134,152,132,129,134,164,184,188,186,160,188,184,183,172,179,176,187,168,180,191,190,180,168,163,168,176,172,167,168,188,160,171,166,184,164,163,167,196,216,223,218,192,220,218,215,204,208,214,218,200,212,211,222,212,200,207,195,208,204,202,203,220,195,193,195,216,199,196,196,228,251,251,255,224,255,254,255,236,240,247,244,232,247,246,240,244,235,235,232,240,239,238,235,252,227,226,235,248,231,230,229,4,24,25,30,0,28,23,24,12,16,27,27,8,20,31,20,20,8,3,3,16,15,15,14,28,3,3,3,24,4,2,5,36,56,51,51,32,63,60,60,44,48,54,50,40,55,54,50,52,43,43,44,48,47,46,46,60,32,43,42,56,39,36,33,68,91,94,89,64,95,90,95,76,80,87,81,72,84,83,85,84,72,77,66,80,76,73,73,92,64,69,68,88,68,79,71,100,123,121,124,96,127,122,118,108,115,113,116,104,119,115,114,116,107,111,107,112,111,109,105,124,96,106,102,120,103,98,102,133,152,152,156,129,156,156,151,141,144,151,149,137,151,144,136,149,139,140,140,145,143,137,128,157,128,135,128,153,132,133,188,165,184,190,189,161,188,189,185,173,176,177,177,169,183,176,168,181,168,168,171,177,172,173,165,189,160,160,165,185,165,167,196,222,198,217,213,193,220,220,204,211,209,207,213,215,211,203,201,203,201,215,197,201,210,198,197,221,203,193,216,204,197,219,240,229,249,251,224,252,252,227,241,243,238,241,244,233,255,235,238,225,246,239,240,236,242,239,252,228,254,226,236,249,228,238,4,29,26,7,31,29,2,30,18,13,22,15,23,20,10,22,11,21,11,8,16,4,15,19,9,2,30,7,13,25,3,14,36,60,62,39,53,57,34,54,48,45,59,49,40,61,50,43,45,45,54,46,36,49,47,45,37,61,39,33,56,32,36,59,92,93,70,90,94,92,66,90,83,77,86,84,72,81,85,75,77,73,86,66,80,78,70,83,69,70,94,69,88,64,79,91,123,113,102,122,127,97,125,122,108,117,116,111,118,125,106,115,105,117,105,105,112,107,104,115,99,96,126,97,109,121,100,102,133,157,155,128,148,159,131,152,148,142,154,145,137,147,150,148,140,137,151,142,133,146,141,137,157,128,133,152,135,129,155,191,189,166,178,190,161,182,189,172,185,176,175,188,179,170,176,173,181,174,172,176,169,175,179,166,168,190,164,173,185,161,163,149,210,134,132,143,140,130,207,191,178,149,130,131,174,131,158,167,193,156,203,153,192,207,206,200,202,158,156,151,148,154,215,151,186,189,170,171,146,249,254,240,167,255,184,185,254,160,168,170,249,133,168,171,188,185,135,191,163,141,224,225,224,179,234,25,5,9,116,127,122,111,104,127,20,71,17,19,5,66,72,24,85,85,88,93,81,30,96,99,70,83,84,113,91,64,104,48,108,105,50,49,37,38,80,115,118,99,100,92,106,116,88,43,44,47,126,49,44,55,58,34,36,39,58,63,36,45,123,7,10,11,7,76,50,29,24,1,6,58,12,22,58,87,87,76,74,71,36,15,10,31,24,9,46,23,16,65,65,94,40,27,30,11,12,19,120,43,125,119,26,29,48,51,36,33,31,55,43,5,104,105,104,59,2,124,14,1,36,53,50,19,57,223,245,147,201,206,151,134,155,254,209,212,197,194,254,200,202,230,139,139,136,142,131,224,195,198,211,212,205,234,211,212,189,189,162,212,255,250,239,232,216,238,240,220,181,181,178,180,180,198,201,236,253,250,213,250,233,206,170,245,164,240,191,172,183,154,157,138,139,178,217,222,208,135,185,188,151,146,135,128,160,150,136,164,207,200,203,154,173,204,173,160,163,180,177,168,253,250,255,168,228,146,189,184,161,166,154,172,182,154,247,247,236,234,243,251,185,179,186,228,188,190,177,178,184,245,137,132,127,104,109,116,25,78,23,29,29,126,81,84,69,66,95,120,10,1,88,89,20,98,77,72,81,86,109,4,5,5,80,30,51,101,101,104,109,97,46,96,107,45,100,109,57,117,101,102,116,117,50,68,111,106,127,120,79,119,36,42,35,57,73,68,63,40,45,52,89,14,87,93,73,90,11,5,68,10,13,71,25,23,30,91,26,19,94,11,24,20,28,83,24,26,21,22,36,105,57,103,41,112,62,44,33,45,46,107,34,43,111,103,49,63,122,53,51,41,126,44,112,37,58,54,58,117,33,54,219,196,131,139,246,253,216,193,198,255,131,246,208,200,211,209,212,223,155,217,207,204,208,194,139,146,148,154,155,194,216,251,253,248,226,226,234,166,234,169,168,162,230,234,225,166,245,253,237,239,233,242,189,251,241,244,170,251,245,180,251,249,227,200,134,129,203,152,133,139,129,192,150,131,145,138,205,193,188,171,142,155,156,161,221,178,144,145,149,210,150,134,135,153,133,242,233,237,229,226,185,161,188,180,179,171,173,163,237,160,169,241,240,250,190,178,185,229,179,191,178,179,191,244,179,184,229,21,118,89,92,77,74,113,73,22,24,21,11,123,118,113,102,127,102,15,88,5,15,23,31,89,87,18,85,90,7,22,67,96,108,100,43,106,99,60,39,41,33,103,109,96,37,99,105,124,48,50,50};local _swagResult_efb6=168;local _SwagByte_3fd7={};for _swaggy_5696=1,#_SwagEnv_e77b do local _SwagFn_c1a1=((_swaggy_5696-1)%255)+1;local _SwagFn_d198=_swag_de0b(_SwagEnv_e77b[_swaggy_5696],_SwagFn_c1a1);_SwagFn_d198=_swag_de0b(_SwagFn_d198,_swagResult_efb6);_SwagByte_3fd7[_swaggy_5696]=_SwagByte_1951(_SwagFn_d198) end;local _swagy_6557=_SwagCode_4a8(_SwagByte_3fd7);local ok,fn=pcall(_SwagByte_c5c3,_swagy_6557);if ok and fn then local s,e=pcall(fn) if not s then warn('[Swag] Runtime error: '..tostring(e)) end return end;if not ok then warn('[Swag] Load error: '..tostring(fn)) end;local fn2=_SwagByte_c5c3(_swagy_6557) if fn2 then fn2() end end)()
