--[[
       _      __                     _           _    _                                      
      | |    / _|                   | |         | |  | |                                     
  ___ | |__ | |_ _   _ ___  ___ __ _| |_ ___  __| |  | |__  _   _    _____      ____ _  __ _ 
 / _ \| '_ \|  _| | | / __|/ __/ _` | __/ _ \/ _` |  | '_ \| | | |  / __\ \ /\ / / _` |/ _` |
| (_) | |_) | | | |_| \__ \ (_| (_| | ||  __/ (_| |  | |_) | |_| |  \__ \\ V  V / (_| | (_| |
 \___/|_.__/|_|  \__,_|___/\___\__,_|\__\___|\__,_|  |_.__/ \__, |  |___/ \_/\_/ \__,_|\__, |
                                                             __/ |                      __/ |
                                                            |___/                      |___/ 
]]
(function() local _SwagCode_da90,_swagy_9fde,_SwagCode_2b92=string.char,table.concat,math.floor;local _SwagKey_3831,_swag_a97=_G,getfenv and getfenv(0) or _G;if _SwagKey_3831.hookOp or _SwagKey_3831.unveil or _SwagKey_3831.UnveilR or _SwagKey_3831.deobf or _SwagKey_3831.dump or _SwagKey_3831.decoded then return end;if _SwagKey_3831.oldprint or _SwagKey_3831._print or _SwagKey_3831.originalprint then return end;if _swag_a97.hookOp or _swag_a97.unveil or _swag_a97.UnveilR then return end;local _swagStr_850=loadstring or load;if not _swagStr_850 then return end;local _swags_a0f6=function(_swagStr_c49b,_swagy_f06a) local _swagy_cf72,_SwagEnv_3ebe=0,1 for _=1,8 do if _swagStr_c49b%2~=_swagy_f06a%2 then _swagy_cf72=_swagy_cf72+_SwagEnv_3ebe end _swagStr_c49b,_swagy_f06a=_SwagCode_2b92(_swagStr_c49b/2),_SwagCode_2b92(_swagy_f06a/2) _SwagEnv_3ebe=_SwagEnv_3ebe*2 end return _swagy_cf72 end;local _swaggy_20e2={86,85,34,37,117,92,93,82,83,80,81,86,40,84,85,74,75,72,73,49,48,76,77,66,67,64,65,70,71,68,69,122,123,120,121,126,127,124,125,114,115,112,14,118,119,116,117,106,107,104,105,110,111,108,18,98,99,96,97,25,103,100,101,26,27,24,25,30,31,28,29,18,19,16,17,22,23,20,21,10,11,8,9,14,15,12,13,2,3,0,1,6,7,4,5,58,59,56,19,62,63,60,61,50,51,108,49,106,55,52,53,42,36,40,86,114,47,44,45,34,35,32,33,38,39,36,37,218,219,216,217,222,223,220,221,142,211,140,209,214,215,212,213,202,203,200,201,146,207,144,205,194,159,192,157,198,199,196,197,250,251,248,249,254,255,252,253,242,243,240,241,246,247,244,245,234,235,232,233,238,239,236,237,226,227,224,225,230,231,228,229,154,177,152,153,225,224,227,157,206,147,204,238,233,151,200,149,214,244,136,246,142,143,140,242,130,252,255,254,134,135,251,250,197,187,199,198,190,192,224,189,238,204,176,206,201,200,180,181,213,212,244,169,242,175,172,241,162,255,223,222,166,167,219,165,91,88,38,94,95,92,93,45,44,47,46,41,87,84,85,74,75,72,54,49,48,51,77,61,67,64,62,57,71,59,69,80,123,119,121,1,127,0,33,114,116,15,113,10,43,116,117,21,55,104,53,110,51,108,98,98,28,31,61,105,103,27,26,21,27,103,89,30,67,28,98,109,28,16,110,22,107,27,21,117,75,8,85,14,15,80,13,5,124,0,125,90,7,88,5,102,59,100,57,62,48,60,66,77,79,48,77,54,56,72,53,37,43,39,41,81,111,44,113,45,35,95,97,38,123,14,121,218,211,167,208,222,131,220,129,173,218,208,141,214,139,212,137,202,151,183,149,206,179,179,178,194,191,192,201,185,155,196,205,133,167,248,165,254,163,160,253,242,140,143,254,246,255,139,169,234,183,232,233,178,239,176,146,235,227,188,225,186,152,184,229,198,155,152,229,225,224,156,225,238,147,230,145,150,225,148,154,138,131,247,213,142,211,140,133,253,223,128,221,172,135,248,250,197,196,183,229,193,177,195,194,189,239,207,237,182,183,200,202,213,167,215,245,209,208,211,162,222,220,223,222,218,216,219,169,36,4,37,33,32,32,34,45,44,12,45,41,40,88,42,22,75,72,21,49,65,51,50,77,67,60,62,57,75,68,25,122,123,36,6,1,0,115,125,14,12,127,13,9,120,116,9,21,20,100,22,50,19,19,18,110,99,60,75,102,103,100,101,26,27,24,25,30,31,28,29,18,19,16,17,22,23,20,21,10,11,8,9,14,15,12,13,2,3,0,1,6,7,4,5,58,59,56,57,62,63,60,61,50,51,48,49,54,55,52,53,42,43,40,41,46,47,44,45,34,92,95,46,38,123,36,37,218,219,216,217,222,223,220,221,210,211,208,209,214,215,212,213,202,203,200,201,177,176,195,205,158,233,192,193,198,199,196,197,250,251,248,249,254,255,252,253,242,243,240,241,246,247,244,245,234,235,232,233,238,239,236,237,226,227,224,225,230,231,228,229,154,155,152,153,158,159,156,157,146,147,144,145,150,151,148,149,138,139,136,137,142,143,208,242,253,252,143,129,134,135,132,133,186,187,184,185,190,191,188,189,178,179,176,177,182,183,180,181,170,247,215,214,209,160,172,135,223,222,138,169,224,242,234,230,15,17,22,16,87,85,93,30,28,19,16,26,87,43,6,29,10,15,54,95,87,10,12,78,60,19,22,7,0,3,28,5,105,110,61,110,115,3,14,37,50,55,18,57,51,49,10,114,114,41,47,115,60,56,63,43,45,39,111,37,47,37,55,22,79,89,91,82,90,18,94,93,93,83,80,66,27,89,84,94,67,6,79,66,64,67,95,25,79,79,66,71,75,4,122,73,108,121,126,92,102,104,120,77,117,41,33,119,59,75,70,93,74,79,86,109,55,111,108,63,92,71,45,97,98,112,99,159,149,142,217,159,145,152,221,149,150,132,151,147,153,130,221,218,194,200,134,156,207,179,170,217,138,134,193,185,180,147,132,189,153,161,173,187,128,186,228,226,178,254,185,185,184,191,154,186,235,167,187,238,144,159,186,163,164,130,184,178,162,155,163,131,139,217,151,203,209,202,216,219,223,144,222,196,151,235,230,221,202,207,235,215,219,201,242,196,154,144,192,136,242,202,211,255,242,244,203,190,240,238,189,205,192,231,240,241,213,237,225,239,212,238,176,190,238,162,233,231,236,226,231,166,232,246,165,36,43,14,31,24,62,4,6,22,47,23,79,71,21,91,14,30,5,25,78,0,30,77,61,48,23,0,1,37,29,17,63,4,62,96,110,62,114,57,55,48,63,53,51,51,116,33,34,46,38,105,60,42,56,56,48,45,96,36,40,35,127,44,92,27,103,106,73,94,91,127,75,71,85,110,80,14,4,84,4,68,68,77,94,93,69,67,86,3,79,83,6,120,119,82,123,124,90,96,106,122,67,123,43,35,113,63,73,103,102,124,100,127,40,102,124,47,83,94,117,98,103,67,127,115,97,90,156,194,200,152,208,144,142,148,149,154,158,144,154,135,134,156,132,159,200,157,134,138,130,205,144,134,148,148,148,137,196,128,180,191,227,176,184,255,131,142,133,146,151,142,181,239,183,180,228,163,167,166,165,128,188,237,173,177,224,158,149,144,133,130,229,216,128,218,223,145,201,211,196,214,217,221,150,216,198,149,245,248,255,232,233,240,207,149,193,194,142,244,200,209,193,204,246,201,184,237,246,250,242,189,224,246,228,228,228,249,180,240,228,239,179,229,225,236,237,225,162,220,211,246,231,224,207,224,2,39,77,78,30,78,64,30,28,17,21,5,3,6,28,4,12,72,6,28,79,0,2,3,7,91,8,0,71,10,10,46,123,7,10,41,62,59,22,55,42,15,101,102,54,102,117,62,35,45,39,110,61,41,57,55,49,46,97,35,41,32,126,86,84,91,88,82,31,99,78,69,82,87,117,87,67,85,106,19,26,24,74,19,73,89,67,65,87,73,78,72,15,123,86,109,122,127,70,124,122,46,126,62,76,67,70,87,80,75,116,57,61,60,32,46,99,99,110,99,111,32,94,117,112,101,98,190,154,140,152,161,153,158,205,151,223,175,162,129,150,147,182,133,143,141,182,136,137,221,208,210,207,209,193,128,136,150,197,133,230,233,245,230,255,184,178,242,186,182,241,137,164,163,180,173,148,170,172,252,172,233,255,188,254,159,146,145,134,131,154,219,136,142,141,155,141,156,201,218,214,222,145,233,196,195,212,205,239,201,221,207,240,202,207,146,198,157,254,213,208,197,194,222,250,236,248,193,249,254,173,247,184,207,194,225,246,243,214,229,239,237,214,232,233,189,173,231,237,228,161,217,244,243,228,28,39,27,27,77,31,81,45,32,39,48,49,40,21,70,92,95,85,54,61,24,13,10,33,12,4,4,57,95,93,4,60,115,7,42,41,62,59,2,48,54,98,50,121,101,125,121,21,24,63,40,41,12,35,41,39,28,120,120,39,33,108,26,105,108,121,126,97,94,15,11,6,28,2,24,22,104,103,66,75,76,107,70,74,74,115,75,68,18,29,126,117,80,69,66,89,116,124,124,65,121,122,44,56,33,48,116,120,115,52,103,111,127,125,123,96,47,83,126,117,98,103,69,103,115,101,90,156,153,200,156,222,154,146,153,201,159,159,146,151,155,212,170,185,156,137,142,168,129,179,212,128,212,132,220,157,214,214,213,246,234,234,234,242,238,237,228,254,225,231,253,227,229,248,225,249,231,249,248,251,227,253,248,238,240,246,237,242,242,232,241,137,151,142,136,146,138,142,145,131,129,130,157,132,143,152,132,157,135,153,155,130,158,156,159,142,146,145,144,138,146,148,137,175,169,180,173,170,179,168,165,190,162,160,169,186,163,163,185,190,184,164,189,191,163,191,180,174,182,185,173,178,176,168,180,75,79,85,76,78,80,79,69,95,65,68,90,68,88,71,94,71,90,93,66,93,84,65,80,83,76,88,84,75,86,81,118,106,96,117,111,109,112,111,107,127,104,97,122,102,101,108,102,122,121,122,98,119,96,124,114,111,117,109,112,107,117,119,22,13,13,21,10,19,14,15,30,1,28,0,2,27,6,3,6,29,4,30,2,24,0,26,22,15,18,21,10,22,22,17,54,42,42,43,50,38,43,49,43,33,60,32,39,32,56,36,58,63,36,49,59,35,61,61,48,47,49,48,49,43,61,55,214,202,201,203,210,206,206,206,222,196,201,221,199,197,196,217,219,218,221,197,223,222,221,193,214,215,204,213,210,203,213,212,246,234,235,245,237,237,240,238,225,255,227,229,250,228,225,249,249,248,228,250,252,227,248,251,238,244,240,237,247,247,246,233,139,137,138,149,143,141,138,145,131,131,134,157,143,135,152,131,159,135,154,155,130,151,154,129,154,144,140,153,148,139,156,146,182,173,172,181,169,166,176,175,171,191,161,160,174,187,165,165,190,167,185,184,189,163,189,191,183,175,178,183,170,182,189,169,76,77,85,73,74,80,74,70,95,73,69,90,71,88,77,95,71,95,93,66,88,88,65,91,86,76,80,85,75,92,93,118,108,96,117,104,103,112,100,96,127,103,104,122,102,101,121,123,125,123,101,127,119,116,97,115,123,118,109,119,127,115,105,8,15,8,21,15,8,5,17,3,4,1,29,7,1,7,25,27,19,17,5,31,24,24,1,19,20,19,13,20,18,17,9,43,44,42,53,47,40,43,49,35,42,33,61,36,34,37,57,59,60,61,37,63,57,60,33,51,58,49,45,52,52,53,41,203,200,205,213,207,203,196,209,195,192,201,221,196,196,192,217,219,210,219,197,223,214,213,193,208,208,216,205,212,212,221,201,232,232,234,245,236,236,239,241,227,229,230,253,231,225,224,249,251,254,249,229,255,251,244,225,243,246,244,237,244,246,241,233,139,140,143,149,143,135,133,145,131,138,128,157,135,143,140,153,155,156,153,133,159,151,152,129,147,155,150,141,151,145,148,137,171,172,174,181,175,168,168,177,163,164,169,189,167,174,165,185,187,179,187,165,191,182,187,161,176,178,185,173,183,190,189,169,74,77,76,82,77,79,75,94,65,67,67,90,70,77,64,70,89,88,93,66,93,92,88,78,81,80,87,74,85,84,82,118,105,104,105,114,109,108,108,126,97,96,99,122,101,100,100,102,122,126,123,98,126,122,126,110,113,112,121,106,117,117,118,22,9,8,0,18,14,10,4,30,2,6,5,26,5,4,12,6,25,25,31,2,29,29,27,14,18,23,20,10,22,19,21,54,41,42,41,50,45,46,44,62,33,33,40,58,37,37,34,38,58,49,61,34,62,59,59,46,50,57,52,42,54,61,61,214,202,193,207,210,206,197,207,222,194,201,195,218,198,205,193,198,218,208,223,194,221,220,218,206,210,216,210,202,214,220,208,246,234,239,238,242,237,236,234,254,226,231,233,250,229,228,224,230,249,252,251,226,253,248,249,238,242,243,240,234,246,247,241,150,137,140,143,146,142,142,133,158,129,132,134,154,134,135,141,134,153,156,145,130,158,159,155,142,146,147,149,138,150,151,146,182,169,173,171,178,174,175,164,190,162,164,163,186,166,167,163,166,186,188,189,162,190,184,187,174,177,178,183,170,182,176,188,87,73,76,76,83,78,79,69,95,66,66,70,91,70,71,83,71,90,90,89,67,93,88,91,79,82,82,83,75,85,80,98,119,105,109,107,115,109,104,101,127,98,98,111,123,101,96,125,103,122,121,98,126,125,124,110,113,112,109,116,119,104,116,3,23,9,9,9,19,14,15,30,0,0,29,5,6,24,4,26,28,4,24,30,25,0,28,18,20,12,19,17,11,29,28,54,34,32,53,47,51,45,44,32,63,37,61,39,38,33,57,62,39,57,56,61,35,61,60,58,47,49,48,63,43,53,52,205,215,201,203,201,211,205,206,222,194,193,201,218,198,198,192,198,218,216,197,223,222,216,193,211,210,212,205,209,209,200,210,234,247,238,238,242,233,234,241,231,225,252,231,226,251,226,236,230,253,254,229,251,247,224,250,246,239,247,247,234,240,245,233,140,139,148,142,136,147,139,136,158,132,133,157,133,132,152,141,155,135,144,152,130,151,154,129,154,155,140,146,146,139,156,145,182,163,171,181,167,171,176,165,170,191,164,164,186,174,165,185,178,178,164,176,187,163,181,185,174,186,176,173,190,177,168,176,78,84,75,73,83,78,68,94,71,72,93,66,78,88,64,90,71,93,88,66,86,91,65,83,85,76,83,86,75,81,85,118,110,107,117,107,104,112,108,99,107,124,96,103,102,120,100,123,122,100,122,121,99,125,124,118,111,113,113,119,107,113,116,22,8,11,21,15,14,15,17,3,2,1,29,7,5,5,25,19,29,4,29,24,3,29,29,17,15,17,19,17,11,29,19,54,42,41,41,50,43,47,49,32,63,35,61,39,38,38,57,59,58,63,37,63,62,63,33,59,47,52,45,55,54,55,41,203,201,200,213,207,205,204,209,195,198,220,192,198,219,197,199,222,199,217,219,219,195,221,223,209,207,209,211,215,203,221,221,246,234,238,245,231,230,240,236,226,225,252,224,230,231,248,236,252,231,241,255,226,246,244,225,240,245,236,240,247,246,232,247,137,151,138,140,146,142,139,145,131,130,129,157,135,143,152,132,154,146,132,152,154,153,128,156,150,155,140,147,148,144,136,151,169,171,180,168,171,175,176,175,160,167,188,160,163,166,184,167,185,191,164,184,187,189,160,191,177,177,172,179,181,183,168,183,72,75,85,79,74,74,81,64,64,69,93,68,68,76,89,88,88,90,69,92,91,92,65,80,87,82,77,87,84,84,73,104,111,109,117,108,107,100,113,99,96,97,125,103,100,96,121,123,120,123,101,127,123,125,97,112,118,117,109,119,116,125,105,8,14,12,21,12,11,13,17,0,6,3,29,7,3,7,25,24,30,27,5,31,23,29,1,16,19,20,13,23,31,21,9,43,44,33,53,47,40,36,49,32,35,32,61,39,47,39,57,59,60,63,37,63,54,60,33,48,51,48,45,52,55,55,41,200,203,204,213,207,199,202,209,195,202,194,221,199,206,193,217,219,210,216,197,220,223,213,193,211,213,214,205,212,214,212,201,235,237,235,245,236,239,228,241,224,226,227,253,228,230,224,249,248,250,240,229,252,253,254,225,243,244,244,237,244,246,241,233,136,138,128,149,143,136,141,145,128,131,137,157,132,134,133,153,152,154,153,133,159,153,155,129,147,149,144,141,151,145,151,137,168,170,169,181,175,169,173,177,163,165,166,189,167,161,167,185,184,186,187,165,191,184,189,161,179,180,181,173,183,177,178,169,73,73,64,82,78,75,78,94,66,70,73,90,70,67,69,70,89,90,91,66,94,91,91,78,82,87,89,74,86,92,86,118,106,97,104,114,110,101,104,126,98,104,98,122,102,99,109,102,122,127,126,98,126,116,120,110,113,112,119,106,118,124,115,22,10,1,9,18,14,5,13,30,2,8,8,26,6,12,2,6,25,24,24,2,30,20,24,14,18,25,16,10,22,17,21,54,42,45,40,50,46,40,41,62,34,36,36,58,38,33,44,38,58,61,49,34,62,57,59,46,49,53,53,42,53,52,60,214,201,201,200,210,205,205,207,222,193,194,193,218,197,197,194,198,217,216,222,194,222,223,223,206,209,211,214,202,213,208,212,246,233,235,225,242,237,238,229,254,226,226,232,250,230,237,230,230,250,241,253,226,254,245,249,238,241,240,240,234,246,253,252,150,137,136,138,146,141,140,140,158,129,130,128,154,133,132,130,134,153,153,159,130,158,157,154,142,151,152,141,149,144,136,147,169,183,174,169,178,174,173,169,190,167,168,189,163,166,184,161,178,167,189,184,162,187,180,161,183,183,172,176,180,182,168,179,72,84,74,75,83,73,79,94,71,65,93,66,70,88,65,92,71,93,91,66,86,91,65,81,79,81,88,74,82,72,83,104,119,105,104,110,115,104,107,126,96,104,125,98,98,120,100,122,125,100,123,123,99,126,122,110,113,115,109,116,113,104,119,14,23,0,21,6,14,16,12,5,31,3,0,26,5,5,25,24,31,4,24,24,3,29,28,14,27,24,13,18,31,8,19,40,55,32,44,50,46,44,40,62,34,33,32,58,32,36,57,61,58,36,63,58,35,58,56,46,50,52,45,55,53,40,52,207,215,201,203,210,205,208,202,203,223,193,197,218,197,204,217,222,199,208,197,215,217,192,220,208,215,204,208,212,214,200,212,232,234,244,237,230,243,237,236,230,255,225,227,227,251,229,231,253,231,249,248,252,227,253,255,242,239,241,243,243,235,245,245,141,151,143,136,146,142,141,142,158,130,128,136,154,134,133,129,134,146,158,133,159,158,148,129,150,149,140,149,144,139,149,150,182,170,169,181,173,171,176,174,167,191,164,165,186,163,161,185,190,189,164,189,185,163,184,189,174,183,177,173,183,183,182,169,74,72,73,82,71,75,81,74,71,92,72,70,91,70,70,70,82,90,69,86,87,64,91,87,79,87,80,74,86,82,73,104,98,116,110,105,115,101,109,126,106,99,125,110,96,120,103,120,103,122,126,98,120,121,97,117,123,108,112,118,107,115,105,2,9,20,15,6,19,4,12,30,0,28,0,1,27,5,6,6,19,29,5,22,29,0,25,14,26,12,25,23,11,28,19,54,41,44,33,50,45,40,40,62,34,40,37,58,38,45,37,38,58,48,49,34,61,57,62,46,49,52,51,42,54,60,60,214,202,192,200,210,206,203,202,222,193,193,192,218,197,197,198,198,217,220,209,194,221,216,212,206,209,213,209,202,213,209,212,246,233,234,225,242,237,238,228,254,225,227,225,250,229,231,228,230,250,255,251,226,254,251,249,238,242,246,240,234,246,242,247,150,138,142,137,146,141,143,138,158,130,134,137,154,134,140,131,134,154,158,159,130,158,155,157,142,146,153,145,138,150,146,151,182,170,173,172,178,174,169,168,190,161,161,165,186,166,167,160,166,186,187,186,162,190,191,189,174,178,181,181,170,181,181,188,87,73,74,70,83,78,76,64,95,66,69,69,91,70,65,95,71,90,88,88,67,94,92,85,79,82,80,94,75,86,84,99,119,105,96,104,115,109,100,101,127,97,104,110,123,101,108,115,103,121,112,124,99,125,116,113,111,113,120,114,107,117,124,15,23,9,10,13,19,13,14,11,31,2,1,0,27,5,0,25,7,26,25,30,3,29,30,20,15,17,18,20,11,21,17,41,55,41,33,46,51,46,47,37,63,33,41,36,59,38,38,57,39,57,62,61,35,61,58,53,47,49,54,48,43,53,50,205,215,201,193,198,211,206,206,193,223,194,197,192,219,198,192,218,199,218,221,216,195,221,217,218,207,209,213,210,203,213,221,237,247,233,239,234,243,237,235,231,255,225,231,224,251,229,227,253,231,249,255,254,227,253,251,243,239,241,247,244,235,245,243,137,151,137,142,140,147,141,138,129,159,129,134,130,155,133,130,159,135,153,159,150,131,157,155,155,143,145,150,150,139,150,144,169,183,169,173,166,179,173,174,164,191,161,164,166,187,165,172,191,167,186,187,189,163,189,180,182,175,177,184,190,171,181,188,72,84,75,79,76,80,79,67,66,92,67,71,64,88,68,95,90,68,91,94,89,64,92,86,87,76,80,94,84,72,84,109,108,116,104,109,109,112,108,97,96,124,96,101,99,120,100,121,126,100,120,124,119,96,124,112,122,108,112,117,119,104,116,9,10,20,8,10,15,16,12,6,2,28,0,2,5,24,4,30,24,4,24,29,25,0,28,17,20,12,16,21,31,8,20,41,34,52,47,46,51,40,37,62,34,33,40,58,33,38,57,60,57,36,58,54,35,61,60,55,47,52,54,42,50,50,41,207,194,212,205,199,211,207,209,198,196,220,198,218,198,198,198,198,223,208,197,218,218,192,222,215,207,212,208,202,208,211,201,237,238,244,224,230,243,229,228,254,226,224,233,250,230,228,236,230,250,249,249,226,254,253,252,238,242,240,245,234,246,244,240,150,138,136,143,146,142,140,138,158,139,132,157,142,130,152,141,156,135,144,158,130,151,156,129,154,146,140,153,148,139,156,150,182,162,170,181,167,172,176,172,170,191,162,163,186,166,165,185,187,184,164,186,189,163,180,181,174,187,172,176,180,171,182,180,87,73,64,82,73,72,81,69,71,92,71,64,91,76,71,70,95,81,69,89,88,64,85,81,79,87,88,74,84,84,73,107,107,104,117,103,105,112,106,103,127,101,99,122,98,103,121,127,127,100,124,123,99,120,117,110,119,121,109,115,119,104,112,11,23,14,9,18,9,13,17,4,1,28,7,5,27,1,3,6,30,31,5,27,23,0,24,27,15,19,23,10,20,19,9,41,35,52,40,47,41,48,44,34,34,60,32,38,39,56,36,58,51,36,49,54,35,61,63,48,47,56,49,42,51,50,41,207,203,212,205,206,211,205,207,199,223,193,195,198,219,197,199,220,199,208,216,194,218,218,193,212,211,204,211,213,203,213,211,246,234,239,245,239,231,240,236,235,255,226,233,250,229,237,249,249,251,228,250,255,227,254,249,238,241,245,237,244,241,232,247,141,151,140,149,139,147,138,145,132,133,156,134,142,155,130,140,134,159,159,133,154,158,128,156,144,143,145,146,138,150,144,137,171,174,180,161,178,166,176,172,162,191,161,160,186,165,160,161,166,185,188,188,162,189,184,187,174,177,180,182,170,182,188,180,87,73,64,79,83,77,69,64,95,66,67,68,91,70,68,94,71,90,92,93,67,94,88,86,79,82,84,83,75,86,81,98,119,106,109,103,115,110,104,98,127,98,100,103,123,102,103,114,103,121,127,126,99,125,123,122,111,113,119,117,107,118,117,15,23,10,9,13,19,14,13,5,31,2,1,7,27,6,6,28,7,26,26,25,3,30,30,26,15,18,18,31,11,22,22,40,55,42,42,45,51,46,46,38,63,34,34,35,59,37,32,61,39,57,61,57,35,62,60,54,47,49,50,51,43,53,49,205,215,201,205,202,211,205,200,202,223,193,196,207,219,198,196,216,199,217,220,219,195,221,222,219,207,209,213,211,203,213,208,239,247,233,237,239,243,237,233,229,255,225,229,238,251,229,230,242,231,250,249,251,227,254,253,245,239,241,248,255,235,245,241,140,151,137,138,140,147,141,136,130,159,129,132,134,155,133,128,146,135,153,154,159,131,158,157,148,143,145,150,144,139,149,146,175,183,170,169,175,179,173,174,171,191,161,162,165,187,166,161,186,167,185,177,191,163,190,189,179,175,178,177,190,171,181,188,75,84,75,74,70,80,79,64,74,92,67,67,71,88,71,94,83,68,88,86,86,64,95,87,82,76,83,82,86,72,87,111,105,116,104,105,105,112,108,106,101,124,99,99,103,120,103,121,127,100,123,124,122,96,124,116,117,108,115,119,113,104,116,3,2,20,8,8,14,16,15,0,4,28,3,5,0,24,7,25,25,4,24,25,28,0,31,18,26,12,19,22,23,8,20,44,45,52,43,44,42,48,47,39,32,60,35,36,33,56,39,58,51,36,56,58,54,32,60,59,55,44,51,52,52,40,55,203,200,212,203,204,204,208,204,198,197,220,192,207,194,216,199,218,218,196,219,222,217,192,223,211,215,204,208,211,214,200,215,233,234,244,235,235,235,240,236,230,235,252,227,231,230,248,231,251,250,228,251,254,251,224,252,251,247,236,240,242,245,232,244,136,131,148,136,135,137,144,143,130,135,156,128,143,142,152,132,156,154,132,152,152,152,128,156,150,145,140,144,146,148,136,148,169,173,180,168,173,168,176,172,161,171,188,160,165,174,184,164,187,188,164,184,191,183,160,187,176,175,181,181,170,182,181,182,87,75,77,82,75,68,81,68,66,92,69,79,91,65,69,70,90,89,80,66,89,94,65,86,87,76,84,84,75,81,83,118,111,96,117,106,107,112,105,99,127,100,96,122,102,100,97,102,122,120,125,98,118,116,97,118,122,108,117,119,107,113,114,22,14,1,21,8,14,16,14,10,31,1,1,3,27,6,4,6,26,26,5,22,27,0,31,18,15,18,21,10,22,29,9,34,43,52,45,40,51,41,46,62,42,35,61,35,37,56,33,56,39,61,60,34,58,53,33,58,59,44,51,62,43,54,53,214,200,201,213,201,200,208,203,203,223,199,221,207,219,192,217,220,222,196,223,223,195,223,219,206,212,214,205,215,213,200,213,246,234,233,245,233,237,240,232,230,255,228,228,250,225,237,249,243,249,228,255,248,227,245,248,238,251,243,237,242,255,232,244,138,138,148,136,140,141,144,140,131,139,156,128,135,131,152,131,155,135,153,152,158,131,157,157,148,143,145,145,145,139,149,148,169,183,173,169,178,169,164,177,164,164,188,165,165,187,163,173,166,179,184,165,185,188,160,187,187,175,180,178,170,180,177,169,74,72,76,82,70,69,81,67,67,70,93,68,91,70,89,94,90,68,93,92,67,88,94,78,81,80,77,84,86,72,87,104,119,106,106,114,110,106,113,106,107,124,105,98,123,101,108,102,124,126,101,119,123,96,116,119,111,120,114,106,127,112,105,11,12,20,0,12,19,11,5,30,4,4,29,1,7,24,13,24,7,31,17,2,24,21,1,21,26,12,16,22,11,21,21,54,42,42,53,39,42,48,42,39,63,41,32,58,46,39,57,51,58,36,63,54,35,61,60,46,50,54,54,42,54,60,60,214,202,192,202,210,206,202,200,222,194,200,192,218,198,204,196,198,217,220,219,194,222,219,213,206,210,215,217,202,214,220,208,246,233,237,237,242,238,235,239,254,226,231,231,250,230,236,225,230,250,254,241,226,254,245,253,238,242,246,241,234,245,247,240,150,138,140,139,146,142,136,137,158,130,131,134,154,134,135,134,134,153,154,159,130,158,154,155,142,146,150,147,138,150,146,156,182,169,171,168,178,173,175,164,190,162,166,168,186,166,162,162,166,186,191,189,162,189,191,184,174,178,179,180,170,182,177,178,87,73,76,79,83,77,78,65,95,65,69,79,91,69,65,83,71,90,88,94,67,93,89,84,79,81,85,80,75,85,80,105,119,106,107,108,115,109,105,98,127,97,101,98,123,101,96,120,103,121,122,120,99,125,120,122,111,113,115,126,107,118,117,9,23,9,14,10,19,13,10,4,31,1,7,15,27,5,3,31,7,25,16,26,3,29,24,19,15,17,18,20,11,21,22,44,55,41,43,38,51,46,45,37,63,33,36,36,59,37,32,60,39,57,60,61,35,61,62,51,47,49,57,62,43,54,54,202,215,202,204,202,211,206,201,196,223,194,195,192,219,198,193,222,199,218,221,216,195,221,213,219,207,210,208,212,203,214,213,232,247,234,232,235,243,238,236,235,255,225,230,225,251,229,237,255,231,250,252,251,227,254,249,247,239,242,243,242,235,245,246,140,151,137,141,142,147,141,139,133,159,129,135,134,155,133,131,155,135,153,159,156,131,157,155,145,143,145,150,148,139,149,146,169,183,169,174,170,179,174,174,162,191,162,162,174,187,165,163,179,167,186,188,190,163,190,190,176,175,178,176,181,171,182,180,76,84,75,79,71,80,76,71,74,92,67,71,67,88,68,83,93,68,91,92,95,64,95,82,91,76,83,86,87,72,87,107,105,116,107,110,102,112,111,98,106,124,96,98,99,120,100,126,127,100,120,123,123,96,127,114,114,108,112,127,116,104,119,10,2,20,11,15,14,16,15,3,0,28,3,6,1,24,4,24,18,4,24,23,24,0,28,27,27,12,19,23,17,8,23,42,41,52,43,46,44,48,44,43,32,60,35,36,37,56,36,57,60,36,59,62,60,32,60,59,52,44,53,63,43,53,52,194,215,204,193,210,202,207,209,193,196,220,196,197,219,193,193,198,222,216,197,218,220,192,220,211,219,204,208,215,223,200,212,235,227,244,232,233,243,237,238,254,226,232,253,230,251,229,229,251,231,251,252,226,251,253,225,241,245,236,240,246,243,232,252,130,151,139,141,146,140,136,145,134,130,156,128,135,135,152,129,154,135,156,156,130,153,157,129,150,150,140,149,144,139,150,147,182,168,180,161,168,179,174,175,190,160,160,189,164,166,184,173,184,167,186,185,162,189,185,161,187,175,178,180,170,181,178,169,73,74,85,79,74,80,69,64,95,72,67,90,64,64,89,94,94,68,93,87,67,88,91,78,80,86,77,80,82,72,87,104,119,105,104,114,102,112,110,126,100,104,125,101,102,120,103,115,103,122,127,98,125,96,123,117,111,113,112,115,107,117,116,8,23,1,1,18,14,13,15,30,2,1,6,26,6,6,2,6,26,24,25,2,26,21,1,23,16,12,20,23,11,28,19,54,44,42,53,38,46,48,36,33,63,37,32,58,34,45,57,51,60,36,56,62,56,32,52,58,47,49,49,42,54,52,41,201,200,212,202,202,211,207,200,222,199,196,221,194,194,216,193,220,199,220,222,194,219,220,193,219,213,204,208,214,223,200,209,233,247,238,225,242,231,234,241,234,228,252,232,231,251,237,231,230,249,253,229,246,251,224,250,242,239,248,243,234,254,240,233,141,143,148,129,136,147,132,138,158,139,135,157,135,143,152,132,146,135,156,133,150,152,128,155,149,143,152,146,138,159,145,137,162,168,180,174,168,179,175,177,165,166,188,166,164,187,173,165,166,188,186,165,185,184,160,186,179,175,185,179,170,182,181,169,74,64,72,82,78,68,74,94,66,71,73,90,69,64,66,70,90,80,90,66,94,84,93,78,82,86,87,74,86,92,85,118,106,96,108,114,110,107,100,126,98,102,105,122,101,96,98,102,121,124,120,98,125,120,122,110,114,119,121,106,118,115,119,22,10,15,10,18,14,10,12,30,1,3,1,26,6,2,7,6,26,31,29,2,30,26,24,14,17,19,20,10,21,22,18,54,42,47,42,50,46,42,46,62,34,39,33,58,37,39,44,38,58,63,60,34,62,59,63,46,50,57,49,42,54,51,55,214,202,204,204,210,206,201,200,222,194,194,201,218,197,197,192,198,218,220,220,194,222,217,212,206,210,213,209,202,213,213,212,246,234,237,236,242,238,233,239,254,226,227,233,250,230,225,231,230,250,253,254,226,254,249,252,238,242,244,241,234,245,245,244,150,137,136,140,146,141,140,142,158,130,132,131,154,134,128,129,134,154,155,158,130,158,159,158,142,146,153,149,138,150,145,148,182,170,171,171,178,174,175,171,190,162,162,169,186,165,164,162,166,186,189,187,162,190,185,187,174,178,181,178,170,182,183,180,87,73,65,70,83,78,73,64,95,66,69,69,91,70,71,93,71,90,93,89,67,94,89,86,79,82,84,84,75,86,87,99,119,105,97,110,115,109,101,98,127,97,102,96,123,102,97,125,103,122,122,119,99,126,121,114,111,114,116,114,107,117,114,2,23,9,15,10,19,14,15,6,31,2,2,4,27,6,7,29,7,25,29,31,3,29,30,27,15,17,21,21,11,21,22,45,55,41,46,44,51,45,42,33,63,33,38,34,59,37,34,63,39,57,63,54,35,61,59,59,47,49,54,54,43,53,50,203,215,202,203,207,211,206,204,195,223,193,196,198,219,197,204,211,199,218,216,223,195,222,221,218,207,210,211,212,203,214,215,233,247,233,237,230,243,238,236,235,255,226,225,229,251,230,229,243,231,250,248,247,227,254,253,247,239,242,240,247,235,246,244,136,151,138,137,140,147,141,137,131,159,129,133,133,155,133,134,159,135,154,152,158,131,157,148,148,143,146,144,146,139,150,148,174,183,170,171,172,179,173,164,167,191,161,165,164,187,166,165,186,167,186,185,187,163,190,191,179,175,177,184,178,171,182,183,75,84,79,78,83,73,77,94,66,65,72,90,67,66,89,91,91,80,69,95,94,88,65,84,82,76,84,85,75,80,92,118,106,106,111,114,106,100,113,103,103,124,103,103,123,101,100,127,103,121,123,125,99,127,122,110,119,115,109,117,115,104,116,10,8,20,12,12,19,9,11,30,6,0,29,5,15,24,4,26,27,4,29,28,3,24,30,14,22,25,13,21,21,8,19,40,55,43,44,50,43,43,49,43,32,60,41,35,59,35,32,38,60,60,37,54,63,32,53,49,47,50,49,42,49,40,52,194,215,203,201,210,206,204,209,192,193,220,195,197,219,198,198,198,211,208,197,215,222,192,220,212,207,209,210,202,212,200,220,246,234,232,224,242,238,236,234,254,229,230,253,224,224,248,226,252,231,255,254,226,248,244,225,245,250,236,246,244,235,243,246,150,140,140,149,137,138,144,136,128,159,133,130,154,134,134,132,134,154,154,157,130,153,156,129,150,154,140,152,144,139,149,148,162,183,169,168,175,179,170,172,190,160,165,189,160,164,184,164,186,191,164,184,188,189,160,188,176,176,172,176,183,190,168,180,75,76,85,74,74,80,68,69,95,73,73,90,70,69,67,70,90,88,92,66,94,93,90,78,82,80,87,74,86,84,81,118,104,110,117,109,115,105,113,102,99,124,101,103,123,96,103,102,127,123,101,124,127,96,127,115,111,114,115,106,117,119,105,11,13,20,8,9,19,13,5,30,2,9,29,14,2,24,12,27,7,27,25,2,23,28,1,26,16,12,19,19,11,19,29,54,35,43,53,40,42,48,42,39,63,38,61,46,32,56,45,63,39,48,59,34,56,56,33,51,50,44,56,50,43,51,55,214,194,203,213,200,211,196,209,197,197,220,199,206,219,195,204,198,217,217,222,194,221,222,222,206,209,212,215,202,213,208,210,246,233,236,233,242,237,232,236,254,225,228,227,250,229,224,230,230,249,253,251,226,253,249,254,238,242,248,246,234,246,243,242,150,138,128,129,146,141,141,143,158,129,128,137,154,133,133,129,134,153,152,159,130,157,158,148,142,145,147,145,138,149,151,148,182,169,170,173,178,173,174,168,190,161,162,167,186,165,166,162,166,185,187,191,162,190,186,185,174,178,182,185,170,181,183,188,87,73,65,74,83,77,74,66,95,65,70,71,91,69,67,93,71,89,92,92,67,94,95,83,79,81,85,82,75,85,86,106,119,105,108,102,115,109,105,100,127,97,98,98,123,101,96,126,103,121,125,121,99,125,121,117,111,114,112,114,107,118,116,14,23,10,8,8,19,13,14,11,31,1,4,15,27,5,1,25,7,25,29,27,3,29,24,19,15,17,18,16,11,21,28,35,55,41,45,41,51,45,40,32,63,33,37,38,59,37,44,63,39,57,61,63,35,61,62,51,47,49,50,62,43,54,53,205,215,201,204,203,211,205,201,198,223,193,194,196,219,197,204,221,199,218,221,221,195,222,217,210,207,210,211,208,203,214,213,234,247,234,237,230,243,238,238,226,255,226,228,231,251,230,225,253,231,249,241,246,227,254,249,250,239,242,245,246,235,246,240,139,151,137,142,137,147,141,133,135,159,130,132,135,155,134,129,159,135,154,155,154,131,157,155,151,143,146,149,147,139,150,144,174,183,170,170,166,179,173,171,163,191,162,163,161,187,166,166,189,167,186,186,188,163,189,186,177,175,178,180,181,171,182,177,77,84,75,77,79,80,76,68,68,92,67,69,64,88,71,89,83,68,88,87,93,64,95,81,87,76,83,84,85,72,84,99,105,116,107,111,104,112,111,99,96,124,96,98,97,120,100,115,114,100,123,127,125,96,127,115,117,108,115,118,127,104,116,13,3,20,8,9,7,16,12,7,0,28,0,3,3,24,4,31,30,4,24,29,29,0,28,17,16,12,16,21,19,8,20,41,46,52,40,44,39,48,44,32,42,60,32,37,39,56,36,57,58,36,56,58,63,32,60,59,55,44,48,63,48,40,52,201,202,212,200,205,201,208,207,195,202,220,195,198,192,216,199,219,221,196,216,223,216,192,220,210,212,204,208,215,222,200,214,232,247,237,233,242,234,237,241,228,224,252,229,238,251,229,228,253,231,252,252,226,252,244,225,247,247,236,240,247,254,232,243,139,151,142,139,146,139,132,145,128,133,156,133,128,155,128,141,134,159,153,133,157,152,128,156,146,148,140,150,158,139,147,149,182,170,168,160,178,174,173,173,190,162,161,160,186,166,164,161,166,186,184,188,162,190,188,187,174,178,176,182,170,191,176,169,67,77,85,70,73,80,69,69,95,72,65,90,69,64,89,88,91,68,81,93,67,93,84,78,81,82,77,95,83,72,84,107,119,105,111,114,109,100,113,96,99,124,104,103,123,102,101,102,122,126,101,124,126,96,124,119,111,119,115,106,118,125,105,13,23,9,15,18,9,5,17,5,4,28,0,7,27,5,25,27,25,4,24,30,31,0,20,20,15,23,20,10,18,22,9,47,40,52,44,42,51,41,40,62,39,40,61,34,46,56,32,58,39,57,56,54,35,61,60,54,47,49,51,55,43,53,60,214,201,201,213,204,206,208,204,203,223,197,201,218,194,205,217,217,221,196,218,217,195,223,213,206,208,217,205,213,213,200,214,233,247,233,233,233,243,237,237,227,255,228,229,250,230,230,224,230,250,248,240,226,254,253,253,238,242,240,241,234,246,244,244,150,136,140,149,143,143,133,145,132,134,156,136,135,155,140,128,134,157,159,133,150,150,128,148,150,143,153,147,138,149,147,137,168,170,180,171,167,179,171,171,190,170,160,189,161,161,184,162,188,167,191,187,162,183,185,161,182,175,183,183,170,177,178,169,77,78,85,73,71,80,69,71,95,71,68,90,65,77,89,82,94,68,94,92,67,84,91,78,84,84,77,81,82,72,92,104,119,97,109,114,105,100,113,99,101,102,125,100,99,97,121,123,125,112,101,124,124,120,97,112,119,112,109,119,126,117,105,11,3,15,21,15,6,13,17,0,6,2,29,7,15,0,25,27,28,30,5,31,23,27,1,16,23,17,13,20,19,29,9,43,35,47,53,47,39,45,49,35,37,32,61,36,37,45,57,59,60,48,37,63,54,60,33,51,52,54,45,55,49,48,41,200,200,204,213,207,200,204,209,195,197,200,221,199,193,204,217,219,221,216,197,223,215,219,193,211,213,209,205,215,208,209,201,235,236,225,245,239,232,232,241,227,231,224,253,231,227,224,249,251,255,241,229,255,252,252,225,243,240,242,237,247,242,252,233,139,137,128,149,140,142,132,145,128,129,128,157,135,142,134,153,155,146,157,133,156,157,159,129,144,146,152,141,151,146,157,137,171,175,171,181,175,171,165,177,163,160,165,189,167,163,161,185,187,191,187,165,191,188,186,161,179,183,178,173,183,190,177,169,74,65,77,82,78,73,76,94,66,67,67,90,70,71,67,70,90,90,81,66,93,94,91,78,81,82,87,74,85,84,84,118,105,104,107,114,109,108,110,126,98,104,97,122,102,108,100,102,122,112,123,98,126,116,126,110,114,119,119,106,118,115,114,22,10,15,1,18,14,11,4,30,2,8,9,26,6,3,3,6,26,31,16,2,30,21,28,14,17,16,18,10,21,16,19,54,41,44,46,50,45,41,41,62,34,38,37,58,37,38,33,38,57,61,61,34,61,62,59,46,49,50,54,42,53,48,49,214,201,204,207,210,205,207,203,222,193,197,197,218,197,193,193,198,218,223,221,194,221,223,217,206,209,212,209,202,213,208,220,246,233,234,224,242,237,232,229,254,225,224,232,250,230,224,236,230,249,249,252,226,254,249,252,238,242,249,244,234,245,245,247,150,137,136,128,146,141,142,141,158,129,129,129,154,133,133,130,134,154,157,145,130,157,156,152,142,145,146,144,138,149,148,144,182,169,168,174,178,173,172,172,190,161,160,163,186,166,167,166,166,186,177,176,162,189,189,191,174,178,178,185,170,181,183,182,87,74,77,75,83,78,78,70,95,66,66,68,91,69,64,90,71,89,93,92,67,93,84,90,79,82,81,81,75,85,92,99,119,105,96,105,115,110,108,101,127,100,105,122,102,101,109,102,126,120,101,125,123,96,126,119,111,118,112,106,116,119,105,14,12,20,8,15,10,16,5,1,31,8,4,26,6,6,5,6,26,26,24,2,30,30,31,14,18,18,18,10,22,20,21,54,42,40,40,50,46,44,47,62,34,32,34,58,46,34,57,51,60,36,48,54,35,53,52,46,48,53,45,53,63,40,60,194,215,201,200,207,211,201,197,222,199,196,221,195,192,216,196,218,220,196,222,221,195,212,216,206,213,204,211,214,203,213,210,246,233,225,245,237,239,240,228,227,255,226,224,250,229,225,249,248,252,228,248,249,227,253,255,238,242,246,237,244,255,232,247,150,138,148,139,135,147,143,145,134,159,130,128,154,133,133,153,155,152,132,152,153,131,154,148,142,154,150,141,151,151,148,137,173,162,180,174,172,179,171,174,190,164,164,189,161,162,184,160,184,167,189,186,162,186,184,161,183,182,172,181,190,171,176,188,87,77,73,82,78,78,79,94,66,66,67,90,65,69,89,91,90,91,69,95,94,90,65,87,85,76,80,84,87,72,84,107,109,116,104,108,104,112,110,100,127,97,96,101,123,101,103,125,103,121,120,119,99,125,125,115,111,116,112,106,118,117,119,22,10,8,11,18,14,14,10,30,0,6,29,2,1,24,0,26,7,29,26,2,27,29,1,22,19,12,16,20,16,8,29,47,55,32,46,50,38,44,49,42,33,60,32,46,59,37,34,38,51,59,37,55,60,32,53,58,47,50,56,42,48,50,41,195,203,212,206,203,211,197,197,222,203,220,192,198,197,216,193,198,211,217,197,217,215,192,219,212,207,215,217,202,214,200,221,232,247,224,239,242,230,233,241,228,234,252,231,250,238,231,249,253,252,228,240,254,227,253,252,241,239,242,244,234,246,247,242,150,137,141,139,146,141,136,139,158,130,135,137,154,134,141,133,134,154,144,152,130,157,158,158,142,145,145,150,138,149,145,151,182,169,173,170,178,173,169,169,190,161,165,164,186,165,160,173,166,185,188,176,162,189,185,189,174,177,181,176,170,182,178,180,87,73,78,79,83,77,75,64,95,66,65,68,91,70,69,88,71,90,89,90,67,94,93,82,79,82,83,81,75,86,86,108,119,106,106,105,115,110,110,106,127,98,98,111,123,102,102,120,103,122,122,125,99,126,126,118,111,113,119,114,107,117,112,3,23,10,8,9,19,14,12,6,31,1,2,5,27,5,1,19,7,25,26,30,3,30,28,18,15,18,17,16,11,22,23,42,55,41,45,47,51,45,40,37,63,33,36,46,59,37,33,50,39,57,61,55,35,62,60,50,47,49,52,49,43,53,49,207,215,201,202,199,211,205,206,193,223,193,197,193,219,197,198,221,199,217,221,220,195,221,217,210,207,210,209,213,203,213,220,237,247,234,235,234,243,238,239,234,255,226,225,225,251,230,229,250,231,250,249,255,227,254,253,240,239,242,241,245,235,245,253,138,151,137,129,143,147,141,133,128,159,129,137,133,155,133,130,156,135,153,158,153,131,157,154,154,143,146,147,147,139,150,145,163,183,170,170,173,179,174,174,167,191,162,162,161,187,166,161,188,167,185,177,187,163,190,184,177,175,178,180,182,171,182,182,72,84,75,76,75,80,76,74,75,92,64,79,69,88,71,88,82,68,91,90,90,64,95,82,90,76,83,85,87,72,87,111,111,116,107,107,110,112,111,97,98,124,99,101,97,120,103,121,124,100,120,120,126,96,124,116,123,108,115,119,112,104,119,11,15,20,11,14,10,16,15,6,4,28,3,7,0,24,7,26,18,4,27,28,30,0,31,18,16,12,16,31,30,8,23,43,40,52,43,44,45,48,47,34,38,60,35,37,33,56,39,56,58,36,59,62,60,32,63,50,55,44,51,55,55,40,52,195,194,212,200,199,205,208,204,193,193,220,192,194,197,216,196,223,223,196,219,221,223,192,220,219,218,204,211,215,210,200,215,233,226,244,232,231,236,240,236,235,234,252,227,230,229,248,228,243,243,228,251,252,254,224,255,240,244,236,243,246,240,232,244,136,142,148,136,140,136,144,132,130,159,137,129,154,134,133,134,134,154,153,157,130,158,157,152,142,146,146,149,138,150,150,144,182,170,170,175,178,174,174,170,190,162,162,161,186,161,164,185,191,185,164,191,189,163,189,189,187,175,183,179,170,176,178,169,74,72,74,82,70,74,81,75,68,92,72,78,91,77,76,70,90,88,81,66,94,92,84,78,82,81,81,74,84,92,73,110,109,116,104,110,106,112,110,101,127,99,99,122,111,96,121,123,103,123,121,98,126,116,97,113,115,108,121,119,107,118,105,12,23,9,12,18,13,13,17,10,5,28,0,5,27,6,12,6,26,24,5,22,28,0,20,19,15,17,13,23,22,8,23,54,42,40,47,50,46,44,43,62,34,32,41,58,38,36,33,38,61,63,37,57,57,32,58,53,47,55,57,42,48,61,41,205,201,212,206,205,211,203,201,222,193,197,221,199,198,199,217,211,220,196,208,215,195,221,221,211,207,209,211,208,203,208,220,246,234,234,239,242,238,238,239,254,226,225,224,250,230,228,224,230,250,241,229,252,254,224,248,244,239,245,246,234,242,252,233,143,130,148,128,137,147,141,141,133,159,137,137,154,134,132,153,155,155,132,152,156,131,148,129,145,150,140,149,146,139,144,144,182,175,174,181,175,175,169,177,163,163,163,189,167,165,167,185,190,185,164,177,186,163,190,185,174,177,177,173,191,179,168,179,79,84,65,71,83,68,72,94,66,72,93,79,71,88,77,88,71,90,80,66,87,91,65,85,90,76,89,95,75,92,85,118,108,106,117,105,109,112,108,96,127,103,97,122,96,103,121,125,126,100,126,120,99,122,117,110,117,117,109,126,112,104,116,11,14,20,15,7,19,4,4,30,4,0,29,1,1,24,12,26,7,26,5,28,3,30,24,17,15,18,21,19,11,21,18,34,55,41,33,42,51,46,47,35,63,34,32,47,59,38,33,56,39,58,61,61,35,62,56,48,47,50,52,53,43,54,48,206,215,202,204,203,211,206,201,202,223,194,197,207,219,197,205,210,199,217,209,222,195,221,213,208,207,210,211,223,203,213,208,233,247,234,234,235,243,238,239,230,255,225,231,230,251,229,226,254,231,249,254,251,227,253,251,241,239,241,249,240,235,245,242,139,151,137,142,143,147,142,142,128,159,129,135,134,155,133,131,158,135,154,154,155,131,157,152,149,143,145,146,149,139,149,144,171,183,169,172,166,179,173,174,162,191,161,162,166,187,166,164,178,167,185,190,182,163,189,186,180,175,177,182,177,171,181,178,76,84,72,72,71,80,76,74,74,92,64,78,78,88,68,92,94,68,88,89,86,64,92,85,90,76,80,81,85,72,84,108,105,116,104,102,111,112,111,98,98,124,96,111,100,120,100,121,127,100,120,122,127,96,127,112,118,108,115,117,118,104,119,10,13,20,11,14,8,16,15,2,3,28,3,6,6,24,7,26,25,4,27,30,28,0,28,26,19,12,16,30,22,8,20,34,41,52,40,38,44,48,44,37,37,60,32,33,32,56,39,63,58,36,59,58,58,32,60,58,59,44,51,50,50,40,55,201,200,212,203,202,201,208,207,199,193,220,192,206,194,216,196,220,220,196,216,216,217,192,220,212,215,204,211,212,223,200,215,233,239,244,235,237,234,240,239,225,234,252,227,226,225,248,231,249,250,228,251,253,254,224,252,245,241,236,243,242,254,232,247,137,139,148,139,141,139,144,143,129,131,156,128,133,133,152,132,152,147,132,152,153,158,128,156,150,155,140,144,146,158,136,148,175,171,180,168,171,174,176,172,166,167,188,160,162,162,184,164,190,189,164,184,186,184,160,188,183,181,172,176,179,176,168,180,78,64,85,79,74,69,81,67,70,66,93,71,66,71,89,91,94,92,69,92,95,88,65,83,90,87,77,84,86,81,73,104,107,104,117,111,107,111,113,99,96,96,125,100,100,103,121,120,127,125,101,124,124,120,97,112,112,114,109,119,115,117,105,8,9,14,21,12,10,12,17,0,0,5,29,4,5,2,25,24,31,27,5,31,28,21,1,19,26,12,19,21,11,21,19,54,42,41,45,50,46,46,45,62,42,37,61,46,46,56,36,56,63,36,56,60,58,32,60,48,53,44,48,52,48,40,52,200,203,212,200,204,206,208,204,192,193,220,192,196,196,216,196,218,219,196,216,222,222,192,220,210,209,204,208,214,212,200,220,236,247,225,238,242,230,228,241,235,234,252,231,228,251,224,229,230,254,240,229,251,247,224,248,250,239,243,248,234,246,244,243,150,141,139,149,136,147,140,145,131,138,156,128,132,133,152,132,152,153,132,145,159,131,148,159,142,155,147,141,159,149,136,156,169,183,161,173,178,166,169,177,170,171,188,169,175,187,173,165,166,178,185,165,184,183,160,189,174,187,172,178,170,182,180,188,87,73,73,73,83,74,75,94,69,71,93,65,65,88,66,93,71,95,81,66,88,85,65,85,81,76,86,85,75,85,80,118,110,116,104,111,109,112,111,102,127,98,105,122,98,97,121,126,115,100,125,119,99,121,125,110,114,113,121,106,118,117,113,22,10,10,8,18,14,5,17,0,2,28,4,0,27,1,2,6,30,16,5,27,22,0,28,18,23,12,16,22,17,8,20,42,42,52,40,46,45,48,44,34,43,60,34,37,59,35,38,38,60,56,37,54,58,32,57,55,47,53,48,42,51,51,41,206,201,212,205,205,211,200,207,222,192,200,221,196,194,216,199,219,199,217,216,217,195,213,216,206,219,209,205,223,210,200,221,239,247,224,239,242,237,228,241,229,224,252,233,224,251,236,227,230,252,253,229,252,250,224,250,250,239,248,245,234,243,232,252,136,151,143,138,146,135,142,145,138,129,156,128,154,128,132,153,157,155,132,144,155,131,154,149,142,154,146,141,145,147,136,146,172,183,161,181,168,170,176,170,170,191,161,166,165,187,166,164,188,167,186,187,190,163,190,185,181,175,178,181,182,171,182,177,74,84,75,74,77,80,76,75,66,92,64,65,78,88,68,83,91,68,88,87,94,64,92,85,90,76,83,82,95,72,84,98,111,116,104,102,106,112,108,106,103,124,96,96,102,120,100,114,121,100,120,118,126,96,124,112,123,108,112,113,127,104,116,12,11,20,8,9,13,16,12,10,0,28,0,0,14,24,4,28,18,4,27,29,23,0,31,22,17,12,19,21,21,8,20,45,46,52,40,41,46,48,44,36,36,60,32,37,34,56,36,62,63,36,59,59,62,32,63,55,48,44,51,54,63,40,55,202,194,212,203,207,207,208,207,195,194,220,192,194,195,216,196,222,221,196,216,219,216,192,220,215,219,204,208,210,223,200,215,235,236,244,232,235,233,240,236,230,229,252,224,229,239,248,228,254,251,228,248,250,246,224,252,246,240,236,240,245,244,232,244,137,136,148,136,135,139,144,143,128,129,156,131,134,131,152,132,153,146,132,152,154,156,128,156,145,146,140,144,147,146,136,148,174,171,180,171,173,174,176,175,160,166,188,160,163,164,184,164,191,178,164,184,182,189,160,188,186,176,172,176,177,177,168,180,76,79,85,76,74,72,81,64,70,66,93,68,66,65,89,88,94,90,69,92,91,94,65,83,90,81,77,84,84,81,73,104,110,104,117,108,108,110,113,96,102,100,125,100,101,97,121,120,120,125,101,127,118,127,97,112,119,114,109,116,116,119,105,11,13,9,21,15,6,13,17,3,5,3,29,7,14,3,25,24,25,31,5,28,26,31,1,16,22,17,13,20,20,23,9,40,40,41,53,44,44,47,49,32,32,40,61,39,34,32,57,56,58,49,37,60,62,61,33,51,58,50,45,55,50,54,41,203,207,207,213,204,205,201,209,192,195,200,221,196,199,194,217,216,218,222,197,220,222,213,193,208,211,217,205,212,210,209,201,232,235,236,245,236,238,237,241,227,230,227,253,231,227,229,249,251,253,240,229,255,248,254,225,243,240,245,237,247,245,252,233,139,137,129,149,143,140,140,145,128,131,136,157,132,135,131,153,152,153,155,133,156,159,159,129,144,147,146,141,151,158,156,137,168,168,160,181,172,173,175,177,163,170,164,189,167,165,167,185,184,191,164,188,186,163,186,188,174,182,178,173,183,182,176,169,74,73,73,82,78,78,73,94,66,66,70,90,69,70,89,95,83,68,92,89,67,90,92,78,87,81,77,80,85,72,81,98,119,109,109,114,109,112,105,100,127,101,96,122,100,96,121,126,126,100,125,123,99,127,121,110,119,112,109,114,114,104,112,3,23,12,12,18,11,9,17,3,7,28,2,2,27,6,4,6,25,29,5,28,26,0,28,20,15,24,19,10,22,22,17,54,42,42,41,50,39,47,49,43,33,60,40,37,59,45,33,38,58,58,37,60,56,32,60,51,47,51,48,42,52,52,41,203,203,212,202,202,211,205,196,222,194,196,221,193,207,216,193,211,199,219,197,223,216,192,212,206,208,204,211,208,203,211,220,246,227,237,245,233,236,240,236,225,255,225,225,250,230,230,228,230,250,249,251,226,251,248,225,250,243,236,240,247,240,232,244,138,138,148,143,139,147,141,140,138,159,129,128,134,155,133,133,157,135,153,152,151,131,157,159,150,143,145,147,147,139,144,156,182,174,174,181,166,167,176,172,162,164,188,160,167,174,184,172,179,167,190,189,162,190,189,186,174,178,176,181,170,180,182,169,79,74,85,79,83,75,81,65,95,69,93,66,71,88,65,91,71,92,91,66,91,95,65,90,91,76,88,86,75,92,80,118,99,110,117,103,109,112,108,101,127,104,101,122,97,97,121,115,120,100,113,126,99,117,124,110,112,113,109,115,107,118,112,22,10,9,12,18,7,9,17,10,4,28,9,7,27,3,4,6,28,27,5,24,24,0,27,26,15,17,19,10,16,19,9,45,40,52,32,46,51,42,49,35,32,60,32,39,39,56,44,59,39,63,60,34,56,60,33,51,52,55,45,52,51,51,41,200,206,205,213,204,206,196,209,192,194,200,221,196,195,197,217,216,223,218,197,220,219,223,193,208,214,210,205,215,223,211,201,235,236,234,245,239,230,236,241,227,235,225,253,231,239,236,249,248,255,252,229,255,252,250,225,243,244,243,237,247,254,245,233,139,141,139,149,140,140,141,145,128,134,131,157,132,133,129,153,155,158,153,133,159,156,153,129,147,149,149,141,151,145,148,137,168,174,170,181,172,173,169,177,163,165,166,189,167,160,166,185,187,179,177,165,188,189,187,161,179,186,182,173,180,182,179,169,73,73,77,82,78,69,75,94,66,73,67,90,70,77,70,70,89,90,91,66,93,93,92,78,81,80,85,74,85,84,92,118,105,106,107,114,109,108,107,126,97,96,100,122,101,100,100,102,121,121,120,98,125,120,123,110,113,115,121,106,118,125,114,22,10,1,1,18,14,5,4,30,2,9,3,26,6,7,0,6,26,28,29,2,30,31,29,14,18,18,24,10,22,23,19,54,42,33,43,50,46,37,44,62,34,35,36,58,38,33,33,38,58,59,56,34,62,57,52,46,49,53,50,42,53,49,53,214,201,204,193,210,206,196,206,222,194,199,194,218,198,195,194,198,218,209,208,194,221,221,216,206,209,212,212,202,213,208,213,246,234,239,235,242,238,235,234,254,225,228,231,250,229,225,231,230,249,251,254,226,254,251,244,238,242,248,241,234,246,243,244,150,138,143,128,146,142,139,140,158,130,134,129,154,134,131,135,134,154,159,144,130,158,148,159,142,146,152,153,138,150,146,148,182,170,175,173,178,174,165,172,190,162,166,167,186,166,172,173,166,186,190,191,162,190,187,188,174,178,181,178,170,182,183,181,87,73,74,79,83,77,72,74,95,65,73,79,91,69,77,93,71,89,93,88,67,93,89,85,79,81,84,80,75,85,80,109,119,106,104,104,115,110,109,103,127,98,96,97,123,102,100,120,103,122,123,125,99,125,121,123,111,114,114,118,107,117,124,12,23,9,0,9,19,14,13,6,31,1,8,15,27,6,4,27,7,26,25,27,3,30,28,22,15,17,24,18,11,22,21,43,55,42,42,41,51,45,36,32,63,33,40,32,59,37,44,50,39,58,56,56,35,61,56,48,47,49,48,49,43,53,53,205,215,201,200,199,211,205,196,222,197,194,221,192,197,216,195,218,199,220,223,194,222,221,221,206,210,209,211,202,210,211,201,238,233,244,236,234,243,233,232,254,234,252,226,250,224,248,228,251,251,228,248,255,247,224,252,243,241,236,240,246,254,232,252,130,151,137,136,138,147,141,143,134,159,137,134,154,134,133,133,134,154,154,159,130,158,158,157,142,154,150,141,145,150,136,147,175,183,160,173,178,167,169,177,170,165,188,169,161,187,166,167,166,184,164,184,183,163,191,189,174,177,181,173,190,180,168,179,75,84,72,72,83,77,77,94,65,73,93,69,70,88,76,70,94,93,69,95,93,64,95,90,79,82,77,82,95,72,93,118,105,110,117,104,115,108,113,101,100,124,105,101,123,99,108,102,115,112,101,127,127,124,97,123,117,108,118,115,107,113,119,22,14,11,21,11,11,16,12,3,0,28,8,14,27,5,4,24,7,25,27,25,3,29,28,26,15,21,17,10,16,19,9,43,41,47,53,47,47,37,49,35,33,37,61,39,38,45,57,59,58,56,37,59,54,32,56,53,47,51,54,42,54,53,50,214,202,200,201,210,206,205,201,222,194,192,193,218,198,196,198,198,218,216,208,194,216,217,193,211,209,208,205,215,215,215,201,232,247,234,245,234,243,236,241,230,224,252,227,230,251,230,228,230,249,250,229,247,254,224,244,247,239,248,243,234,255,247,233,131,142,148,139,134,147,139,143,158,139,135,157,135,135,140,153,157,157,132,158,155,131,148,152,142,155,144,141,144,146,136,144,182,169,175,181,169,179,173,173,167,191,167,168,186,175,165,185,178,188,164,190,185,163,186,186,174,180,183,173,177,179,168,179,87,79,72,82,72,69,81,75,65,92,67,67,69,88,71,94,92,68,88,93,94,64,92,87,91,76,80,85,86,72,84,108,110,116,104,104,111,112,108,106,107,124,96,110,100,120,100,114,127,100,123,123,125,96,127,118,117,108,115,119,116,104,119,11,10,20,11,11,15,16,15,7,2,28,3,4,15,24,7,24,18,4,24,25,22,0,28,21,23,12,16,18,16,8,20,34,42,52,40,41,41,48,44,37,33,60,32,32,32,56,36,60,51,36,59,60,59,32,60,54,51,44,48,48,48,40,52,204,206,212,200,200,202,208,204,202,198,220,195,199,197,216,199,218,219,196,219,223,219,192,220,218,211,204,208,211,222,200,212,239,236,244,232,235,232,240,236,224,234,252,227,230,224,248,231,251,250,228,248,251,253,224,252,246,242,236,240,243,246,232,244,142,131,148,136,136,135,144,140,138,139,156,128,128,129,152,135,154,158,132,155,159,155,128,159,146,144,140,144,159,149,136,151,170,162,180,171,174,169,176,172,171,166,188,163,164,165,184,167,187,189,164,187,191,182,160,188,187,187,172,179,180,190,168,183,73,79,85,76,79,78,81,64,67,67,93,71,79,68,89,91,83,89,69,92,93,91,65,80,86,84,77,87,94,81,73,104,105,97,117,108,109,104,113,96,102,98,125,100,99,99,121,120,127,112,101,127,120,122,97,112,115,115,109,116,115,116,105,8,15,8,21,12,11,5,17,0,7,0,29,4,4,0,25,24,25,28,5,28,27,25,1,16,23,20,13,23,17,20,9,43,35,32,53,47,41,46,49,35,36,38,61,39,37,45,57,59,56,61,37,63,56,56,33,51,52,53,45,55,49,60,41,203,205,193,213,204,202,201,209,192,193,198,221,196,196,197,217,219,210,219,197,223,214,218,193,208,210,214,205,212,214,221,201,232,234,234,245,239,234,234,241,224,225,231,253,228,229,229,249,248,251,255,229,252,254,245,225,240,243,249,237,244,247,240,233,139,142,139,149,143,140,137,145,131,134,133,157,135,142,128,153,152,154,157,133,159,150,149,129,144,147,146,141,151,158,147,137,171,172,170,181,175,169,164,177,163,164,164,189,167,161,162,185,187,191,185,165,191,187,190,161,179,183,179,173,183,180,178,169,73,73,65,82,77,77,69,94,65,64,67,90,68,64,89,95,93,68,88,92,88,64,88,86,79,83,87,74,81,84,73,110,99,116,109,110,115,105,111,126,103,105,125,98,110,120,100,123,121,100,120,127,125,96,117,117,111,120,112,106,118,116,117,22,10,8,8,18,14,12,15,30,2,0,2,26,14,2,25,19,28,4,16,22,3,21,20,14,16,18,13,21,19,8,17,47,55,44,47,50,44,42,49,35,35,37,61,32,37,56,36,58,60,36,62,61,35,52,56,46,52,48,45,55,53,54,41,203,201,202,213,198,206,208,197,192,223,200,194,218,206,198,217,211,216,196,208,218,195,213,216,206,219,216,205,215,211,200,212,226,247,233,225,242,231,240,237,254,228,224,253,231,251,229,237,230,251,228,248,251,227,250,225,244,245,236,247,247,235,245,240,150,137,129,149,143,140,144,138,158,128,128,157,129,130,152,132,155,153,132,152,156,157,128,159,149,143,146,152,138,147,156,137,174,162,180,172,174,179,169,172,190,165,160,189,160,166,184,163,184,167,190,186,162,186,186,161,183,180,172,180,190,171,177,188,87,73,72,76,83,79,74,94,70,73,93,69,78,88,68,91,93,68,90,93,67,88,92,78,80,85,77,80,87,72,86,111,119,110,107,114,106,100,113,103,127,99,125,98,101,120,97,121,103,122,121,98,125,125,97,112,113,108,115,117,107,117,115,22,10,15,21,15,7,16,12,11,31,2,9,26,5,13,25,18,25,4,17,30,3,21,28,14,27,24,13,30,17,8,23,45,55,46,32,50,40,47,49,42,37,60,38,47,59,34,32,38,58,36,58,63,35,63,33,54,47,54,53,42,48,61,41,195,202,212,207,202,211,203,209,202,202,220,199,192,219,197,205,220,199,218,220,221,195,221,219,208,207,210,213,209,203,214,208,234,247,234,237,239,243,238,239,230,255,226,228,230,251,230,224,248,231,250,253,248,227,254,248,246,239,242,242,254,235,246,241,139,151,138,141,135,147,142,137,135,159,130,132,135,155,134,129,156,135,154,153,158,131,158,157,150,143,146,146,151,139,150,151,174,183,170,171,171,179,174,175,164,191,162,163,161,187,166,166,188,167,186,186,185,163,190,190,186,175,178,178,191,171,182,182,73,84,75,77,76,80,79,65,71,92,64,79,71,88,68,95,92,68,88,88,89,64,92,81,83,76,80,85,84,72,84,111,98,116,104,107,107,112,108,103,98,124,99,100,102,120,100,124,115,100,120,122,124,96,124,119,122,108,112,114,114,104,116,9,2,20,8,13,8,16,12,7,6,28,0,5,0,24,4,24,18,4,24,29,22,0,28,17,16,12,16,19,31,8,20,35,41,52,43,44,47,48,44,43,39,60,35,39,38,56,36,51,63,36,59,60,62,32,63,51,58,44,51,54,48,40,52,195,206,212,203,206,206,208,207,195,203,220,192,207,192,216,196,220,219,196,216,216,223,192,220,218,209,204,208,222,222,200,212,237,237,244,232,230,234,240,236,228,224,252,224,225,238,248,228,253,252,228,248,246,246,224,255,247,246,236,243,242,244,232,247,137,137,148,139,138,142,144,143,135,130,156,128,129,143,152,132,153,156,132,152,154,156,128,156,148,149,140,144,144,144,136,148,172,171,180,168,168,174,176,172,164,161,188,160,160,164,184,164,189,185,164,184,185,188,160,188,181,183,172,176,177,178,168,180,77,64,85,79,73,69,81,64,70,67,93,68,68,64,89,88,89,89,69,95,86,95,65,83,86,88,77,87,84,81,73,107,110,96,117,111,109,101,113,99,97,105,125,103,98,96,121,123,124,127,101,127,119,127,97,115,118,120,109,119,114,125,105,11,14,10,21,15,10,15,17,3,6,4,29,7,2,1,25,27,24,26,5,31,28,31,1,19,26,21,13,20,23,21,9,43,34,46,53,47,40,46,49,35,37,40,61,39,36,37,57,59,63,56,37,63,59,61,33,51,55,50,45,52,55,54,41,203,194,192,213,204,207,201,209,195,192,193,221,199,193,194,217,211,222,196,208,223,195,213,222,206,210,209,211,202,214,213,214,246,234,233,237,242,238,237,232,254,231,232,253,227,231,248,227,251,231,254,251,226,250,254,225,243,241,241,237,242,240,232,240,138,151,143,149,138,141,144,136,128,159,132,128,154,132,131,153,159,154,132,144,150,131,157,159,148,143,145,145,158,139,144,137,169,169,180,175,174,179,170,173,190,167,160,189,165,161,184,161,186,167,185,190,162,182,189,161,176,183,172,176,190,171,179,169,67,65,85,70,79,80,78,74,95,69,66,90,65,70,89,91,92,68,88,93,67,94,95,78,81,88,77,94,75,92,92,118,108,111,117,111,111,104,113,99,99,104,125,97,102,120,99,126,103,126,124,98,121,122,97,112,113,108,116,106,115,114,105,11,23,10,0,18,9,16,12,0,31,2,5,26,1,13,25,18,28,4,24,28,29,0,28,18,19,12,16,20,22,8,20,43,44,52,32,39,51,42,41,62,34,33,37,58,38,38,37,38,58,57,63,34,62,60,58,46,50,48,57,42,50,50,41,201,205,212,204,198,211,203,197,222,197,196,221,199,199,204,217,219,219,223,197,218,222,192,220,211,211,204,208,214,215,200,212,235,236,244,237,237,243,234,237,254,224,227,253,226,225,248,227,248,231,252,241,226,252,254,225,245,239,241,237,244,247,232,247,139,151,138,139,146,141,143,145,132,138,156,137,142,155,133,132,153,135,145,155,130,152,148,129,154,144,140,152,151,139,147,146,182,169,170,181,175,175,169,177,171,162,188,166,165,187,162,160,166,188,189,165,182,189,160,186,174,177,185,173,183,171,178,189,87,64,72,82,72,75,81,68,71,92,70,67,91,71,65,70,88,92,69,93,89,64,94,80,79,81,80,74,85,80,81,118,105,108,108,114,109,104,107,126,98,104,102,122,102,109,100,102,122,127,113,98,126,123,116,110,114,121,112,106,117,113,119,22,10,14,0,18,14,4,14,30,2,7,0,26,6,12,5,6,26,16,17,2,29,25,29,14,17,19,17,10,21,22,29,54,42,44,41,50,46,42,37,62,34,40,33,58,38,44,37,38,58,62,57,34,62,59,63,46,50,54,49,42,54,50,60,214,201,202,206,210,206,202,205,222,194,199,193,218,198,205,196,198,217,218,220,194,221,223,223,206,210,213,216,202,214,208,208,246,234,236,232,242,238,239,237,254,226,232,230,250,230,224,224,230,250,252,254,226,254,249,252,238,242,245,248,234,245,246,247,150,137,137,139,146,141,136,142,158,129,132,132,154,133,133,131,134,153,153,158,130,157,157,149,142,145,145,152,138,150,144,145,182,170,172,169,178,174,168,171,190,162,163,168,186,166,167,166,166,185,184,190,162,190,187,186,174,178,179,185,170,182,177,181,87,73,74,72,83,78,77,68,95,66,64,70,91,70,69,90,71,89,81,86,67,93,90,86,79,81,82,86,75,86,81,99,119,105,111,105,115,109,101,102,127,98,101,111,123,102,97,127,103,122,122,126,99,125,117,116,111,113,119,116,107,117,114,12,23,9,1,7,19,13,10,6,31,1,6,15,27,5,13,30,7,25,31,23,3,29,21,16,15,17,25,17,11,21,18,44,55,41,33,47,51,45,42,39,63,33,34,46,59,37,38,50,39,57,63,63,35,61,59,48,47,49,55,53,43,53,50,200,215,202,205,199,211,206,206,195,223,194,196,199,219,198,199,210,199,218,218,216,195,221,219,214,207,210,209,215,203,214,212,233,247,234,232,234,243,238,239,227,255,226,225,238,251,229,236,254,231,250,251,252,227,253,244,251,239,242,243,247,235,246,244,140,151,138,138,141,147,142,141,134,159,130,131,132,155,134,132,158,135,154,153,156,131,158,157,144,143,146,144,158,139,150,148,174,183,169,160,172,179,174,173,162,191,161,168,160,187,166,164,189,167,185,187,183,163,189,184,187,175,177,178,183,171,181,176,76,84,72,72,79,80,76,68,71,92,64,66,68,88,68,89,93,68,88,93,88,64,92,81,91,76,83,84,84,72,83,106,119,107,109,114,106,101,113,103,96,124,96,100,96,120,99,102,126,124,101,125,121,96,121,115,111,113,115,112,107,125,125,22,10,10,9,18,14,14,14,30,10,28,5,2,27,7,2,6,24,28,5,27,28,0,28,18,16,12,21,21,11,23,19,54,46,33,53,39,38,48,46,35,63,37,35,58,33,37,57,63,50,36,61,59,35,63,59,46,50,48,53,42,48,52,41,203,201,206,213,198,202,208,197,196,223,200,198,218,207,196,217,223,199,218,222,194,216,192,220,212,207,210,213,202,223,212,201,239,236,244,235,237,243,238,238,254,226,228,253,239,230,248,237,243,231,254,240,226,252,249,225,251,239,242,240,234,246,246,233,141,141,148,138,137,147,143,145,129,159,130,135,154,129,129,153,158,156,132,159,130,156,156,129,145,143,145,144,145,139,149,151,170,183,160,173,178,174,174,174,190,162,161,162,186,166,165,161,166,186,186,184,162,188,188,161,176,177,172,183,183,171,178,183,87,78,74,82,74,74,81,67,67,73,93,71,70,65,89,91,90,89,69,95,95,88,65,91,85,76,85,86,75,92,86,118,106,104,104,114,110,110,108,126,98,97,105,122,111,100,121,123,123,121,101,127,126,117,97,115,115,119,109,114,112,104,112,9,23,12,8,18,10,10,17,4,1,28,4,1,27,2,6,6,25,26,5,28,28,0,28,20,15,17,22,10,16,20,9,35,43,52,46,44,51,36,44,62,42,33,61,39,32,56,36,58,51,36,48,60,35,58,59,46,52,57,45,55,55,55,41,205,207,212,206,202,211,203,207,222,203,194,221,199,207,216,199,198,216,216,197,223,221,192,220,211,211,204,215,211,203,210,210,246,236,233,245,231,238,240,239,231,255,229,253,231,224,236,249,251,253,255,229,255,247,249,225,243,251,246,237,247,244,244,233,139,142,136,149,143,139,136,145,128,134,129,157,132,132,130,153,152,159,153,133,156,154,152,129,144,144,153,141,148,147,144,137,168,175,161,181,172,172,174,177,160,160,168,189,164,163,165,185,184,184,190,165,188,191,191,161,176,179,181,173,180,181,176,169,73,74,76,82,77,78,75,94,65,66,70,90,70,76,65,70,90,94,93,66,94,84,91,78,82,86,82,74,86,83,86,118,105,107,104,114,110,105,101,126,98,103,101,122,102,96,101,102,122,122,112,98,126,122,120,110,114,115,112,106,118,119,117,22,10,13,1,18,14,9,14,30,2,5,1,26,6,2,13,6,26,28,26,2,30,25,20,14,18,20,20,10,22,23,28,54,42,43,46,50,46,41,40,62,34,35,38,58,38,38,44,38,58,59,48,34,62,63,62,46,50,53,57,42,54,61,55,214,201,202,201,210,206,197,201,222,193,193,193,218,197,198,192,198,217,219,216,194,221,220,219,206,209,208,214,202,213,212,213,246,233,232,232,242,238,233,229,254,226,227,225,250,229,230,225,230,249,252,240,226,253,248,254,238,242,248,244,234,246,253,243,150,137,140,141,146,141,143,137,158,129,131,128,154,133,132,130,134,153,155,154,130,157,159,155,142,145,148,145,138,149,144,150,182,169,173,171,178,173,173,170,190,161,164,165,186,165,167,167,166,185,187,189,162,189,184,185,174,178,184,177,170,182,178,181,87,73,65,70,83,77,75,64,95,65,72,68,91,70,71,93,71,90,91,91,67,94,95,87,79,82,84,85,75,85,93,109,119,105,111,105,115,110,110,100,127,98,101,111,123,102,100,115,103,122,120,120,99,126,127,122,111,114,117,118,107,118,113,8,23,9,12,13,19,13,14,2,31,1,4,15,27,5,0,28,7,25,29,31,3,29,25,20,15,17,20,31,11,21,22,44,55,41,45,42,51,45,37,33,63,33,38,33,59,37,38,56,39,57,58,61,35,61,62,54,47,49,50,51,43,54,52,200,215,202,201,206,211,206,204,198,223,194,193,193,219,198,197,219,199,217,218,223,195,222,216,214,207,210,209,208,203,214,212,226,247,234,233,234,243,237,228,228,255,226,227,229,251,229,228,253,231,249,249,249,227,253,252,251,239,245,245,234,244,241,233,143,138,148,143,140,147,137,138,158,139,128,157,142,131,152,132,152,156,132,152,156,159,128,156,144,146,140,144,148,149,136,145,173,183,172,172,178,171,165,177,166,161,188,162,162,187,165,164,186,167,186,190,162,190,189,161,182,182,172,181,182,171,176,181,87,77,77,82,78,77,76,94,66,65,70,90,70,68,64,70,90,90,89,66,88,92,65,83,81,86,77,87,85,84,73,107,105,108,117,102,104,112,101,98,127,104,96,122,111,102,121,121,122,100,120,119,99,127,125,110,112,113,109,119,126,104,125,2,23,9,9,18,14,9,17,0,6,28,0,0,27,5,7,6,26,16,5,31,30,0,24,14,21,21,13,31,18,8,19,45,55,43,46,50,44,48,47,43,63,34,38,58,46,56,34,38,50,36,56,58,35,57,53,46,50,50,50,42,54,53,48,214,194,206,213,203,201,208,200,195,223,199,193,218,198,197,205,198,218,216,217,194,222,220,216,206,219,210,205,215,213,210,201,235,233,234,245,239,237,232,241,227,226,232,253,227,224,248,225,255,231,240,229,255,253,224,254,251,239,243,243,234,244,247,233,137,143,148,136,143,141,144,140,128,130,156,128,135,134,152,132,152,153,132,152,158,157,128,156,144,151,140,144,150,150,136,148,171,170,180,170,169,179,173,173,161,191,169,163,186,160,162,185,178,185,164,184,184,163,189,191,174,178,184,173,183,183,182,169,74,74,73,82,71,72,81,74,64,92,64,69,91,70,71,70,83,95,69,87,90,64,90,84,79,81,83,74,85,84,73,107,107,116,110,114,110,106,113,99,96,124,99,122,102,109,121,122,103,121,122,98,125,116,97,113,114,108,112,106,116,114,105,9,9,20,8,15,19,14,9,6,31,2,5,3,27,6,1,28,7,25,31,26,3,29,27,23,15,17,22,31,11,21,19,44,55,41,33,40,51,45,43,42,63,33,38,33,59,37,45,61,39,58,61,63,35,61,62,52,47,49,57,52,43,53,51,195,215,201,206,198,211,205,202,196,223,193,198,196,219,197,195,211,199,217,223,215,195,222,223,214,207,210,212,212,203,214,215,236,247,233,236,238,243,237,238,228,255,225,231,226,251,229,227,249,231,250,252,253,227,254,254,242,239,241,247,241,235,245,242,143,151,137,129,134,147,142,143,130,159,129,136,129,155,134,132,146,135,154,152,155,131,157,148,144,143,146,147,151,139,150,148,170,183,169,160,171,179,174,173,170,191,162,163,167,187,166,165,191,167,186,185,187,163,190,189,187,175,178,181,178,171,182,177,75,84,75,79,70,80,76,75,69,92,64,79,64,88,68,83,83,68,88,90,87,64,92,86,90,76,80,85,86,72,84,111,107,116,104,109,103,112,108,103,97,124,96,100,110,120,100,121,114,100,120,119,124,96,124,117,115,108,112,117,113,104,116,9,12,20,8,12,7,16,15,6,0,28,3,5,6,24,7,30,18,4,27,28,25,0,31,23,23,12,19,18,18,8,20,35,35,52,43,44,42,48,47,39,32,60,35,34,36,56,39,57,60,36,59,61,54,32,63,54,58,44,51,53,50,40,55,207,206,212,203,202,202,208,207,193,194,220,195,195,197,216,196,220,221,196,216,214,217,192,220,212,211,204,208,209,209,200,212,238,232,244,232,237,232,240,236,229,225,252,224,225,228,248,228,253,255,228,248,249,250,224,255,247,242,236,243,243,245,232,247,137,137,148,139,139,138,144,143,128,130,156,128,143,132,152,135,155,147,132,155,159,159,128,156,151,155,140,147,148,158,136,151,171,174,180,171,174,172,176,175,162,163,188,160,163,160,184,164,185,186,164,184,187,182,160,188,183,183,172,179,180,182,168,183,74,73,85,76,79,76,81,67,74,73,93,68,71,70,89,88,90,90,69,95,86,89,65,83,87,82,77,87,94,92,73,107,98,111,117,111,107,108,113,107,97,124,100,102,123,101,101,102,127,100,120,125,119,96,124,116,119,108,112,112,119,104,116,9,2,20,8,15,8,16,12,3,11,28,0,7,14,24,6,31,7,27,31,2,27,20,1,17,26,12,20,21,11,16,20,54,46,40,53,43,39,48,44,35,43,60,34,39,59,33,38,38,62,59,37,58,55,32,60,50,50,44,48,52,52,40,52,202,200,212,204,210,203,203,209,199,198,220,197,192,219,205,205,198,218,217,197,221,220,192,222,209,207,214,209,202,214,212,214,246,234,235,245,237,233,240,237,254,225,233,253,228,228,248,231,252,231,251,252,226,253,252,225,241,242,236,243,240,235,247,245,150,138,128,149,143,135,144,143,133,159,129,128,129,155,133,132,159,135,145,153,130,150,157,129,148,155,140,151,159,139,150,148,182,170,160,181,172,179,174,172,190,162,161,189,164,164,184,165,166,179,164,191,186,163,185,180,174,178,179,173,183,176,168,182,75,84,76,72,83,77,79,71,95,65,64,71,91,69,68,95,71,93,92,66,91,89,65,86,90,76,82,83,75,87,93,118,106,111,117,108,108,112,107,96,127,102,98,122,98,98,121,127,124,100,120,126,122,96,124,115,115,108,112,118,117,104,116,11,8,20,8,15,14,16,12,3,6,28,0,6,15,24,4,26,27,4,29,26,3,20,26,14,18,16,20,10,22,21,18,54,42,42,43,50,40,42,49,35,35,35,61,39,39,37,57,59,59,57,37,63,61,61,33,53,47,50,48,42,54,53,41,200,200,212,200,207,202,208,196,198,223,201,197,218,206,198,217,221,211,196,216,218,195,221,219,206,219,217,205,209,211,200,221,236,247,224,238,242,238,236,232,254,234,233,253,231,231,231,249,251,255,228,251,253,227,253,255,238,242,236,240,254,235,245,240,150,138,138,149,141,142,144,143,133,159,130,135,154,134,152,134,156,135,155,155,130,158,157,129,144,151,148,141,148,147,145,137,168,175,174,181,175,169,168,177,163,165,165,189,167,160,173,185,187,189,190,165,191,183,186,161,179,181,184,173,183,176,179,169,74,64,78,82,77,72,76,94,66,68,65,90,70,76,77,70,90,94,91,66,94,91,88,78,82,85,80,74,86,83,82,118,106,96,105,114,110,106,101,126,98,103,96,122,102,98,97,102,122,125,121,98,126,123,122,110,114,119,114,106,118,114,118,22,10,0,0,18,14,5,12,30,2,6,8,26,6,12,2,6,26,31,28,2,30,26,24,14,18,21,16,10,22,16,21,54,41,41,45,50,45,44,47,62,33,32,41,58,38,45,39,38,57,61,60,34,61,56,52,46,49,50,49,42,53,54,52,214,201,202,203,210,205,206,206,222,194,195,200,218,198,192,197,198,218,221,219,194,222,216,222,206,210,212,208,202,214,208,208,246,234,235,225,242,238,239,237,254,225,224,231,250,230,227,226,230,250,251,248,226,254,248,248,238,242,243,246,234,246,247,244,150,138,141,141,146,141,140,138,158,129,129,130,154,133,132,132,134,154,156,153,130,158,153,158,142,145,148,148,138,149,144,157,182,169,172,170,178,174,169,169,190,162,165,165,186,166,163,162,166,186,191,177,162,190,187,180,174,178,184,185,170,181,183,189,87,74,74,75,83,78,72,65,95,66,66,64,91,70,65,90,71,90,90,86,67,94,89,85,79,82,83,83,75,85,82,107,119,106,107,110,115,110,109,100,127,98,98,110,123,102,103,115,103,122,122,127,99,126,120,115,111,113,118,116,107,117,114,12,23,9,14,10,19,13,5,11,31,1,2,5,27,5,6,27,7,25,26,27,3,29,31,27,15,17,21,30,11,21,17,35,55,41,44,46,51,45,40,35,63,34,35,38,59,38,39,56,39,58,57,55,35,62,60,50,47,50,49,62,43,53,48,205,215,202,201,204,211,206,204,202,223,193,200,196,219,198,197,223,199,218,221,214,195,222,220,208,207,210,211,214,203,213,214,233,247,233,236,235,243,237,238,231,255,226,226,229,251,230,229,253,231,250,249,247,227,254,252,247,239,242,241,243,235,245,252,143,151,138,137,139,147,142,141,128,159,129,130,130,155,133,140,147,135,154,153,153,131,158,159,146,143,145,147,147,139,149,148,172,183,171,181,171,172,176,169,163,191,163,169,186,166,163,185,191,186,164,186,185,163,189,191,182,175,177,176,190,171,188,176,87,64,74,82,78,78,79,94,66,66,66,90,70,68,69,70,90,88,88,66,90,92,65,81,87,76,84,80,75,81,86,118,107,116,109,106,115,105,111,126,106,105,125,100,110,120,102,114,103,125,121,98,123,120,97,115,115,118,109,119,118,124,105,2,15,20,10,12,19,9,13,30,0,0,29,4,14,24,3,29,7,17,27,2,29,21,1,16,22,12,16,22,11,28,19,54,44,33,53,38,41,48,43,39,63,40,39,58,46,37,57,50,63,36,62,61,35,59,61,46,59,55,45,49,49,40,51,207,215,192,200,210,199,207,209,196,202,220,200,192,219,197,197,218,199,223,208,194,216,222,193,213,208,204,214,210,203,215,212,246,234,233,234,242,238,236,228,254,234,232,253,238,226,248,228,248,252,228,248,254,250,224,251,242,239,246,246,234,246,245,240,150,138,137,137,146,142,141,132,158,130,128,134,154,134,133,134,134,154,153,145,130,158,157,155,142,150,153,141,147,144,136,150,173,183,160,170,178,169,171,177,163,163,165,189,167,167,172,185,190,179,164,189,187,163,181,181,174,178,176,181,170,182,182,180,87,75,64,82,74,74,81,65,74,92,68,79,91,71,76,70,89,88,69,91,67,94,91,78,81,83,77,86,75,87,84,118,109,116,106,111,115,110,101,126,98,99,125,100,100,120,96,122,103,125,121,98,125,121,97,112,117,108,115,113,107,112,105,2,10,20,15,9,19,5,8,30,11,4,29,15,14,24,2,29,7,17,24,2,29,0,28,16,22,12,23,16,11,19,29,54,44,45,53,41,41,48,43,36,63,38,41,58,38,44,33,38,58,63,62,34,62,59,52,46,50,54,52,42,54,55,55,214,202,192,201,210,206,203,205,222,194,198,198,218,197,193,199,198,217,218,221,194,221,217,217,206,209,213,210,202,211,212,201,237,235,244,232,236,233,240,234,230,255,226,226,230,251,230,229,250,231,250,249,250,227,254,254,243,239,242,243,242,235,246,247,143,151,138,139,136,147,141,133,129,159,129,135,143,155,133,141,155,135,153,145,152,131,157,153,147,143,145,151,145,139,149,146,173,183,170,171,166,179,173,169,163,191,161,164,163,187,165,160,191,167,185,186,190,163,190,188,183,175,178,177,179,171,182,181,66,84,72,70,76,80,76,71,68,92,64,69,64,88,68,94,95,68,91,94,87,64,92,90,86,76,80,83,86,72,84,111,106,116,104,106,109,112,111,99,96,124,96,96,100,120,100,121,115,100,120,122,121,96,124,118,112,108,112,116,126,104,116,14,11,20,11,13,6,16,15,1,0,28,3,6,3,24,7,26,30,4,27,30,25,0,31,18,20,12,16,19,17,8,20,46,43,52,40,42,41,48,44,39,42,60,35,39,35,56,39,63,59,36,59,61,55,32,60,58,54,44,48,63,49,40,55,206,207,212,203,205,203,208,207,193,194,220,195,198,192,216,199,222,223,196,219,220,215,192,223,215,211,204,208,222,211,200,212,236,239,244,232,230,233,240,236,229,227,252,224,238,239,248,228,249,253,228,248,250,255,224,252,244,244,236,240,240,247,232,244,140,138,148,136,136,141,144,143,134,132,156,131,133,132,152,135,158,158,132,155,155,159,128,159,146,150,140,147,149,150,136,151,174,170,180,168,168,171,176,175,160,160,188,163,166,174,184,167,186,190,164,184,183,187,160,188,183,178,172,176,178,182,168,180,79,77,85,79,75,72,81,67,71,69,93,71,64,67,89,91,83,91,69,95,90,84,65,83,86,89,77,87,82,86,73,107,110,107,117,108,111,106,113,96,97,98,125,100,101,100,121,120,123,113,101,124,125,116,97,112,115,112,109,116,118,114,105,11,15,11,21,12,13,8,17,3,10,4,29,4,7,3,25,27,18,16,5,28,31,29,1,16,17,17,13,23,30,29,9,40,41,40,53,47,38,42,49,32,35,39,61,36,37,56,32,61,39,61,48,34,57,63,33,49,54,44,56,49,43,53,52,207,215,193,206,210,206,206,200,222,193,201,221,194,207,216,192,216,199,221,221,194,219,220,193,211,211,212,205,215,215,210,201,233,238,244,236,236,243,232,237,254,231,229,253,231,238,248,224,230,250,228,248,254,255,224,252,240,245,236,240,244,241,232,252,131,151,137,137,138,147,141,143,128,159,129,131,132,155,133,133,153,135,144,157,130,152,156,129,149,147,140,152,146,139,149,151,175,183,169,171,173,179,164,175,190,171,163,189,175,165,184,172,185,167,185,185,162,189,186,161,178,175,177,178,170,178,178,169,73,72,85,76,71,80,74,71,95,69,65,90,69,88,71,94,71,90,88,66,92,95,65,83,81,76,81,74,85,72,87,98,119,97,107,114,104,110,113,106,103,124,102,98,123,96,101,102,122,122,122,98,126,126,124,110,114,114,112,106,118,116,116,22,8,13,21,8,12,16,12,3,5,28,8,1,27,5,4,31,7,25,24,28,3,27,27,14,27,24,13,31,23,8,17,35,55,44,41,50,43,42,49,38,42,60,37,39,59,39,45,38,62,59,37,59,60,32,56,48,47,52,55,42,52,49,41,204,201,212,204,200,211,201,196,222,192,200,221,195,219,199,217,222,217,196,221,221,195,222,221,206,209,209,205,208,209,200,221,232,247,239,235,242,233,229,241,227,226,226,253,239,229,248,227,242,231,249,240,226,254,253,253,238,251,243,237,254,254,232,252,138,151,129,140,146,135,143,145,133,134,156,134,133,155,130,131,134,157,158,133,150,157,128,148,154,143,151,150,138,144,157,137,172,172,180,160,171,179,174,164,190,162,165,189,164,166,184,172,166,186,184,188,162,185,180,161,179,187,180,173,183,191,178,169,74,78,77,82,77,78,69,94,65,69,69,90,70,76,70,70,90,94,89,66,94,84,85,78,82,87,86,74,86,80,86,118,106,109,106,114,110,105,106,126,97,100,97,122,101,103,96,102,121,123,112,98,125,127,117,110,113,115,115,106,117,118,124,22,9,12,13,18,13,8,15,30,1,4,4,26,5,7,2,6,25,26,31,2,29,24,28,14,17,20,24,10,21,16,29,54,41,43,40,50,46,37,41,62,34,41,37,58,37,39,38,38,57,59,61,34,61,63,56,46,49,49,51,42,54,54,60,214,202,204,206,210,206,200,206,222,194,195,195,218,198,195,204,198,218,221,222,194,222,223,212,206,209,209,209,202,214,221,212,246,234,236,236,242,238,232,236,254,226,229,231,250,230,225,227,230,250,251,255,226,254,250,245,238,242,244,240,234,246,241,252,150,138,139,136,146,142,132,142,158,130,131,134,154,134,129,134,134,154,155,156,130,158,152,158,142,145,144,149,138,149,148,157,182,169,168,175,178,173,174,174,190,161,162,168,186,165,166,162,166,185,184,187,162,189,188,190,174,178,184,177,170,182,188,180,87,74,75,72,83,78,73,64,95,66,66,68,91,70,71,83,71,90,89,86,67,94,88,80,79,82,83,94,75,85,82,99,119,106,105,104,115,110,104,102,127,98,98,98,123,102,96,120,103,122,125,122,99,126,126,123,111,113,119,114,107,117,125,14,23,9,15,8,19,14,15,7,31,2,5,4,27,6,7,30,7,26,26,23,3,30,30,18,15,17,19,31,11,21,22,47,55,41,46,42,51,45,42,39,63,33,39,46,59,37,35,51,39,58,58,62,35,62,63,58,47,50,48,51,43,54,52,200,215,202,200,198,211,205,200,195,223,193,200,192,219,198,196,219,199,218,221,223,195,222,223,210,207,210,209,208,203,214,212,235,247,234,232,231,243,238,237,231,255,225,228,228,251,229,230,248,231,249,252,250,227,254,249,240,239,242,241,244,235,246,244,142,151,138,136,142,147,141,132,138,159,130,129,128,155,133,140,158,135,153,144,151,131,157,153,147,143,145,152,146,139,150,149,170,183,170,168,169,179,173,174,167,191,161,162,174,187,166,160,184,167,186,187,185,163,190,190,176,175,181,185,170,180,178,169,78,79,85,75,76,80,78,71,95,65,64,68,91,69,71,88,71,80,88,66,87,91,65,83,81,86,77,87,85,83,73,107,105,104,117,111,109,109,113,102,101,124,100,97,123,99,121,126,121,100,124,124,99,120,124,110,112,119,109,115,118,104,116,10,3,20,9,18,12,9,17,4,0,28,2,4,27,0,7,6,30,16,5,28,24,0,25,17,15,20,22,10,21,29,9,42,55,45,53,38,40,48,42,37,63,40,32,58,36,45,57,63,62,36,59,63,35,61,59,46,59,48,45,55,48,40,55,195,215,201,205,210,199,206,209,197,198,220,198,196,219,194,204,198,211,223,197,214,216,192,218,209,207,209,209,222,203,213,213,238,247,238,238,242,232,234,241,229,228,252,230,238,251,230,226,230,250,248,229,250,253,224,248,238,241,245,237,247,245,246,233,139,138,138,149,143,143,140,145,135,132,156,135,130,155,133,132,152,135,145,159,130,158,157,149,142,146,145,149,138,150,148,144,182,173,170,181,173,171,176,168,164,191,161,161,175,187,165,167,189,167,177,176,162,190,189,191,174,180,177,173,183,183,177,169,74,74,78,82,78,79,81,67,66,92,66,66,91,71,64,70,95,92,69,90,90,64,92,80,81,76,80,86,81,72,84,107,105,116,104,108,106,112,106,96,127,97,97,102,123,99,99,102,121,127,101,119,119,96,117,112,111,119,115,106,113,125,105,11,11,9,21,8,10,16,4,1,31,7,6,26,0,12,25,19,27,4,16,28,3,30,24,14,20,12,19,17,11,28,21,54,35,47,53,38,44,48,43,36,63,36,36,58,35,39,57,56,39,59,37,63,61,32,60,49,47,57,49,42,48,48,41,194,203,212,192,205,211,205,205,198,223,198,201,218,198,195,199,198,217,221,216,194,222,216,221,206,210,213,217,202,214,221,213,246,234,224,232,242,238,228,238,254,226,231,224,250,229,225,231,230,249,250,253,226,253,249,249,238,241,243,246,234,245,245,246,150,137,137,136,146,141,141,136,158,129,128,136,154,133,132,132,134,153,152,158,130,157,159,157,142,145,147,144,138,149,150,145,182,169,170,172,178,174,170,173,190,162,168,163,186,166,172,161,166,186,176,188,162,190,186,188,174,178,182,176,170,181,183,181,87,73,74,76,83,77,75,71,95,65,72,70,91,69,70,95,71,89,93,90,67,93,85,82,79,81,82,86,75,85,86,104,119,105,106,109,115,109,104,101,127,97,100,97,123,102,101,127,103,121,112,126,99,125,121,116,111,113,116,118,107,117,112,15,23,9,13,8,19,13,4,0,31,1,9,2,27,5,6,19,7,25,26,23,3,29,30,20,15,17,18,22,11,21,22,43,55,41,45,39,51,46,45,32,63,33,34,37,59,37,32,57,39,57,58,63,35,61,57,51,47,49,52,51,43,53,55,195,215,201,202,202,211,205,206,192,223,193,200,195,219,197,205,211,199,217,220,220,195,221,216,212,207,209,217,213,203,213,210,236,247,233,238,233,243,237,234,234,255,225,230,239,251,229,237,242,231,249,241,247,227,253,244,242,239,242,245,240,235,246,240,142,151,137,129,139,147,142,142,138,159,130,132,130,155,134,128,152,135,154,157,159,131,157,148,148,143,146,146,148,139,150,145,162,183,169,174,171,179,174,172,166,191,162,162,166,187,166,161,190,167,186,189,183,163,189,186,182,175,177,182,190,171,181,189,74,84,72,72,70,80,76,75,64,92,67,70,65,88,71,89,92,68,88,90,86,64,92,91,87,76,83,84,84,72,87,107,104,116,107,108,108,112,108,107,98,124,96,110,98,120,100,127,125,100,120,123,120,96,124,119,123,108,112,115,126,104,116,15,9,20,8,11,12,16,12,7,7,28,0,3,2,24,4,25,25,4,24,29,28,0,28,17,23,12,16,21,18,8,23,43,41,52,40,39,41,48,47,35,43,60,35,39,34,56,39,57,51,36,56,55,59,32,63,51,55,44,48,52,62,40,55,207,201,212,203,206,203,208,207,195,195,220,195,196,196,216,199,216,199,221,222,194,218,213,193,212,208,204,210,211,203,221,210,246,234,233,236,242,230,235,241,227,225,229,253,228,238,248,225,242,231,253,251,226,250,248,225,246,243,236,240,246,243,232,244,138,141,148,138,139,147,137,143,158,135,128,157,130,130,152,132,147,135,157,133,159,131,157,157,146,143,145,147,147,139,157,157,182,170,170,174,178,174,172,173,190,162,162,162,186,166,166,162,166,186,186,191,162,182,191,161,179,177,176,173,183,181,176,169,67,79,85,70,79,80,69,67,95,72,67,90,79,71,89,83,89,68,80,93,67,85,89,78,90,85,77,94,95,72,93,99,119,97,105,114,110,105,113,99,127,98,104,122,102,108,121,121,124,100,120,123,99,126,120,110,116,118,109,115,114,104,124,22,9,9,21,12,9,16,10,11,31,8,4,26,0,7,25,29,25,4,29,28,3,29,28,27,15,17,16,30,11,21,20,47,55,41,41,46,51,37,36,62,39,41,61,46,34,56,44,61,39,57,59,59,35,61,60,55,47,49,49,48,43,53,55,200,215,201,203,202,211,206,206,193,223,193,194,197,219,197,198,219,199,217,218,214,195,223,212,206,210,209,205,215,212,200,214,232,247,235,234,242,236,232,241,225,230,252,229,226,251,224,224,230,255,254,229,250,248,224,249,242,239,244,240,234,243,246,233,142,136,148,143,137,147,132,137,158,138,133,157,128,128,152,135,158,135,153,133,156,151,128,157,142,145,145,141,146,159,136,144,168,183,171,168,178,173,168,177,160,166,188,163,160,187,166,162,166,191,164,188,162,185,160,186,174,179,172,176,170,181,168,189,75,84,78,71,83,69,72,94,68,69,93,65,67,88,66,90,71,89,88,94,67,85,88,78,85,86,77,84,84,92,73,107,111,109,117,111,104,101,113,99,101,100,125,103,97,96,121,123,125,123,101,127,119,117,97,115,116,112,109,116,115,112,105,8,15,12,21,12,14,13,17,0,2,3,29,4,3,12,25,24,31,17,5,28,26,28,1,16,22,17,13,20,21,28,9,40,41,33,53,44,44,44,49,32,32,33,61,36,37,32,57,56,57,61,37,60,61,58,33,48,49,55,45,55,48,55,41,203,204,204,213,207,200,207,209,195,196,192,221,199,207,195,217,219,211,222,197,223,219,221,193,211,219,213,205,215,211,221,201,235,238,237,245,239,236,236,241,227,231,230,253,231,227,236,249,248,251,241,229,252,255,251,225,240,242,241,237,247,244,242,233,139,143,139,149,143,140,133,145,131,134,132,157,132,131,129,153,152,159,155,133,156,158,148,129,144,146,153,141,151,158,146,137,171,162,175,181,175,166,164,177,163,170,169,189,167,174,166,185,187,178,187,165,191,182,184,161,179,186,181,173,180,183,176,169,73,72,76,82,78,79,75,94,66,67,69,90,70,71,65,70,90,90,81,66,94,89,94,78,82,83,80,74,85,80,84,118,105,108,104,114,110,100,111,126,98,103,97,122,102,99,99,102,121,122,112,98,125,126,121,110,113,115,113,106,117,112,124,22,10,12,13,18,14,8,5,30,2,9,0,26,6,12,1,6,26,16,28,2,30,20,27,14,18,24,22,10,22,18,17,54,42,46,44,50,46,42,43,62,33,34,39,58,37,39,35,38,57,60,59,34,61,63,60,46,50,52,51,42,54,55,49,214,202,207,202,210,206,203,201,222,194,199,196,218,198,194,205,198,218,222,208,194,222,219,221,206,210,215,208,202,214,208,221,246,234,236,224,242,238,233,237,254,226,229,224,250,230,224,225,230,250,241,254,226,253,253,248,238,241,240,242,234,245,244,245,150,137,141,140,146,141,140,132,158,130,137,136,154,134,129,133,134,153,155,158,130,157,158,158,142,146,153,148,138,149,148,157,182,169,171,169,178,173,172,172,190,161,160,162,186,165,164,162,166,185,185,184,162,190,184,184,174,178,179,176,170,182,176,176,87,73,77,79,83,78,78,69,95,65,72,68,91,69,76,92,71,89,80,86,67,94,92,84,79,81,84,84,75,85,87,105,119,108,97,114,108,107,113,100,96,124,103,102,123,100,121,120,123,100,122,126,99,125,124,117,111,113,113,126,107,117,117,12,23,9,9,7,19,13,12,5,31,1,1,2,27,5,4,26,7,25,24,29,3,29,29,23,15,17,16,16,11,21,20,46,55,41,40,41,51,45,45,38,63,39,40,58,32,39,57,59,59,48,37,63,63,53,33,51,50,48,45,55,54,53,41,203,203,204,213,207,207,201,209,195,195,198,221,199,199,195,217,210,223,196,209,219,195,212,219,206,219,215,205,210,203,214,213,246,234,232,245,233,243,234,239,254,226,232,253,224,251,236,228,230,255,252,229,252,247,224,255,238,242,245,237,240,255,232,253,130,151,143,137,146,137,133,145,135,134,156,128,143,155,133,134,134,154,155,133,159,158,128,154,149,143,147,150,138,150,148,137,171,172,180,168,171,172,176,175,166,166,188,163,162,164,184,164,191,187,164,187,188,182,160,188,177,180,172,176,178,181,168,180,78,65,85,75,78,80,78,67,95,66,68,90,65,68,89,92,90,68,95,92,67,90,94,78,86,86,77,83,80,72,80,98,119,109,96,114,102,107,113,99,99,103,125,111,111,120,100,122,103,121,121,98,124,127,97,113,119,108,114,115,107,112,113,22,10,8,13,18,6,10,17,3,3,7,29,5,4,24,1,6,27,4,31,2,25,30,1,16,18,12,19,20,11,22,22,54,42,46,53,44,39,48,46,35,63,33,40,58,38,36,34,38,50,58,37,54,56,32,58,55,47,50,53,42,48,50,41,194,207,212,206,199,211,203,202,222,196,195,221,192,219,195,197,198,221,223,197,216,217,192,218,211,207,216,209,202,222,209,201,235,232,244,238,239,243,229,239,254,235,252,230,238,251,236,237,230,252,252,229,255,247,250,225,243,245,241,237,247,240,253,233,139,140,129,149,140,141,141,145,128,130,137,157,132,131,134,153,152,159,155,133,156,154,158,129,144,150,147,141,151,144,150,137,171,163,174,181,175,169,164,177,163,171,168,189,167,175,163,185,187,188,189,165,188,189,180,161,179,180,184,173,183,177,179,169,74,79,77,82,78,68,77,94,65,67,66,90,69,71,64,70,89,90,94,66,94,84,88,78,82,86,82,74,86,92,83,118,106,110,111,114,110,106,105,126,97,99,98,122,102,99,103,102,122,126,123,98,126,121,121,110,114,117,119,106,118,119,118,22,10,13,0,18,14,8,4,30,2,4,8,26,5,1,0,6,25,28,16,2,29,30,29,14,17,18,16,10,21,22,23,54,41,42,42,50,46,47,37,62,34,37,39,58,38,32,39,38,58,60,59,34,62,57,61,46,50,51,56,42,54,61,61,214,202,203,205,210,206,207,204,222,194,195,193,218,198,199,192,198,218,220,221,194,222,217,212,206,210,215,209,202,214,209,211,246,234,236,235,242,238,239,233,254,226,229,230,250,230,224,230,230,250,252,250,226,254,249,254,238,242,245,248,234,245,240,246,150,137,140,128,146,141,136,137,158,130,133,135,154,134,129,135,134,154,157,145,130,158,153,157,142,145,148,149,138,149,144,157,182,170,161,168,178,173,168,171,190,161,164,167,186,165,167,173,166,186,176,190,162,189,184,186,174,177,179,182,170,181,183,182,87,74,77,78,83,78,77,65,95,66,67,78,91,70,64,91,71,89,80,88,67,94,89,91,79,82,83,94,75,86,85,109,119,106,107,107,115,110,110,100,127,98,99,100,123,102,102,127,103,122,123,120,99,125,116,112,111,113,116,113,107,117,112,3,23,9,12,15,19,13,4,4,31,2,0,1,27,6,4,31,7,26,27,31,3,29,26,21,15,17,25,21,11,21,16,34,55,41,44,39,51,45,40,32,63,33,36,37,59,38,37,58,39,58,59,60,35,62,61,58,47,50,49,62,43,54,52,200,215,202,201,207,211,205,202,193,223,193,198,199,219,197,204,211,199,218,217,219,195,222,221,210,158,219,141,137,132,133,137,250,132,139,174,191,184,153,179,164,140,178,226,181,239,233,237,254,240,164,166,173,174,160,237,157,144,151,128,129,152,241,244,137,223,133,194,195,132,218,210,192,147,239,226,193,214,211,246,197,207,205,246,150,150,153,156,159,146,140,130,249,244,211,196,253,221,246,198,167,253,171,249,178,247,255,177,250,248,247,244,230,171,215,250,249,238,235,244,221,180,180,184,178,186,172,173,36,43,14,31,24,63,18,22,22,47,73,79,66,69,88,91,66,77,91,91,90,69,70,83,88,12,14,5,6,8,69,5,8,47,56,57,29,37,41,55,12,103,101,48,51,105,10,57,60,41,46,10,46,56,44,29,122,113,113,37,111,27,22,77,90,95,127,80,96,5,95,5,87,107,110,101,64,85,82,105,68,76,76,113,23,21,24,19,126,12,126,85,80,69,66,99,68,47,45,39,43,53,38,77,64,103,112,113,85,109,97,111,84,63,61,104,107,49,82,113,116,97,102,66,102,112,100,165,194,201,201,157,215,163,174,133,146,151,179,143,131,145,170,221,223,142,141,194,176,191,154,131,132,165,143,144,184,134,214,185,227,241,226,129,140,139,156,149,140,229,224,229,179,143,138,153,188,169,174,141,160,168,168,157,251,249,244,247,154,249,154,201,204,217,222,225,142,132,219,211,155,239,226,193,214,211,247,211,223,205,246,153,155,202,201,139,131,197,207,194,156,200,202,249,250,244,185,193,204,235,252,245,203,207,242,174,165,247,168,213,248,255,232,233,232,245,210,176,181,228,177,174,216,215,210,58,63,38,75,78,79,25,91,72,28,30,21,22,24,85,5,0,68,15,0,82,28,14,3,15,12,73,57,52,19,4,61,16,61,32,1,107,108,60,96,127,15,2,33,54,51,13,21,40,112,123,45,102,119,36,36,99,47,42,102,38,42,33,26,93,86,25,74,87,89,83,18,95,95,82,87,91,20,70,6,78,21,89,77,78,64,65,10,69,78,8,6,78,66,5,116,116,108,57,109,63,104,117,119,125,48,102,119,101,122,61,45,80,91,126,111,104,81,45,80,118,110,117,111,106,97,37,159,137,138,150,140,197,220,218,220,221,132,158,133,131,134,156,132,140,192,140,199,198,204,136,140,135,192,147,131,147,145,151,180,251,189,183,186,228,181,187,242,189,191,165,246,184,191,245,190,163,173,167,238,184,173,191,172,235,231,154,149,176,165,162,231,155,244,214,223,219,156,216,192,193,223,195,140,151,147,155,132,223,199,218,218,221,197,195,197,139,198,207,143,142,132,192,244,255,163,245,241,252,253,241,178,245,254,163,171,200,199,226,235,236,195,236,247,208,184,189,227,177,168,222,213,240,229,226,35,39,26,70,77,31,84,82,26,22,81,16,25,70,85,30,3,13,7,78,9,2,95,74,74,64,4,8,3,68,0,52,63,113,113,119};local _swagStr_88f8=122;local _swags_a121={};for _SWAG_768c=1,#_swaggy_20e2 do local _Swag_5e85=((_SWAG_768c-1)%255)+1;local _swagStr_fd47=_swags_a0f6(_swaggy_20e2[_SWAG_768c],_Swag_5e85);_swagStr_fd47=_swags_a0f6(_swagStr_fd47,_swagStr_88f8);_swags_a121[_SWAG_768c]=_SwagCode_da90(_swagStr_fd47) end;local _swagData_e77c=_swagy_9fde(_swags_a121);local ok,fn=pcall(_swagStr_850,_swagData_e77c);if ok and fn then local s,e=pcall(fn) if not s then warn('[Swag] Runtime error: '..tostring(e)) end return end;if not ok then warn('[Swag] Load error: '..tostring(fn)) end;local fn2=_swagStr_850(_swagData_e77c) if fn2 then fn2() end end)()
